-0.02047
-0.02369
-0.01927
-0.01049
0.00170
0.01543
0.02475
0.02559
0.02202
0.02058
0.02198
0.02259
0.02143
0.02053
0.02069
0.02066
0.02005
0.01961
0.01966
0.01970
0.01960
0.01962
0.01982
0.01999
0.02007
0.02011
0.02015
0.02010
0.02006
0.01996
0.01991
0.01984
0.01982
0.01977
0.01978
0.01975
0.01976
0.01973
0.01972
0.01967
0.01965
0.01958
0.01955
0.01947
0.01944
0.01937
0.01936
0.01932
0.01935
0.01935
0.01940
0.01943
0.01949
0.01952
0.01960
0.01964
0.01974
0.01980
0.01989
0.01992
0.01997
0.01995
0.01994
0.01989
0.01988
0.01984
0.01985
0.01984
0.01986
0.01985
0.01988
0.01986
0.01987
0.01981
0.01977
0.01966
0.01955
0.01937
0.01921
0.01903
0.01893
0.01887
0.01897
0.01914
0.01945
0.01979
0.02020
0.02057
0.02096
0.02129
0.02165
0.02194
0.02221
0.02233
0.02229
0.02196
0.02142
0.02060
0.01967
0.01863
0.01761
0.01659
0.01565
0.01472
0.01387
0.01310
0.01260
0.01244
0.01284
0.01375
0.01519
0.01689
0.01871
0.02025
0.02129
0.02156
0.02118
0.02024
0.01916
0.01816
0.01754
0.01736
0.01770
0.01844
0.01954
0.02077
0.02207
0.02325
0.02433
0.02522
0.02601
0.02664
0.02712
0.02726
0.02703
0.02626
0.02506
0.02353
0.02202
0.02072
0.01992
0.01964
0.01987
0.02043
0.02115
0.02182
0.02235
0.02264
0.02273
0.02262
0.02234
0.02181
0.02104
0.01993
0.01856
0.01695
0.01521
0.01339
0.01157
0.00977
0.00794
0.00606
0.00404
0.00191
-0.00028
-0.00236
-0.00415
-0.00552
-0.00642
-0.00692
-0.00717
-0.00742
-0.00794
-0.00896
-0.01061
-0.01290
-0.01570
-0.01887
-0.02220
-0.02546
-0.02836
-0.03055
-0.03176
-0.03182
-0.03081
-0.02894
-0.02664
-0.02421
-0.02202
-0.02013
-0.01869
-0.01749
-0.01651
-0.01546
-0.01432
-0.01290
-0.01146
-0.01013
-0.00944
-0.00955
-0.01079
-0.01289
-0.01588
-0.01929
-0.02317
-0.02723
-0.03156
-0.03584
-0.04010
-0.04400
-0.04765
-0.05091
-0.05404
-0.05708
-0.06029
-0.06365
-0.06720
-0.07056
-0.07340
-0.07526
-0.07594
-0.07553
-0.07423
-0.07250
-0.07047
-0.06839
-0.06591
-0.06302
-0.05937
-0.05521
-0.05072
-0.04654
-0.04313
-0.04086
-0.03951
-0.03826
-0.03567
-0.03010
-0.02038
-0.00608
0.01220
0.03339
0.05597
0.07853
0.09918
0.11612
0.12731
0.13173
0.12920
0.12120
0.10970
0.09728
0.08570
0.07637
0.06940
0.06469
0.06118
0.05811
0.05423
0.04920
0.04245
0.03447
0.02542
0.01611
0.00676
-0.00206
-0.01042
-0.01811
-0.02549
-0.03255
-0.03979
-0.04706
-0.05478
-0.06261
-0.07099
-0.07961
-0.08905
-0.09905
-0.11009
-0.12177
-0.13427
-0.14708
-0.16022
-0.17323
-0.18629
-0.19905
-0.21187
-0.22452
-0.23758
-0.25070
-0.26393
-0.27570
-0.28471
-0.28858
-0.28659
-0.27820
-0.26508
-0.24863
-0.23140
-0.21444
-0.19935
-0.18611
-0.17586
-0.16839
-0.16498
-0.16493
-0.16865
-0.17408
-0.18065
-0.18589
-0.18956
-0.19028
-0.18881
-0.18524
-0.18072
-0.17618
-0.17254
-0.17117
-0.17243
-0.17739
-0.18531
-0.19612
-0.20810
-0.22074
-0.23286
-0.24435
-0.25295
-0.25513
-0.24406
-0.21373
-0.15955
-0.08240
0.01375
0.12122
0.23213
0.33703
0.42724
0.49405
0.53278
0.54270
0.52945
0.50143
0.46914
0.44054
0.42141
0.41307
0.41472
0.42268
0.43330
0.44231
0.44733
0.44669
0.44130
0.43235
0.42304
0.41479
0.41027
0.40871
0.41119
0.41522
0.42133
0.42686
0.43269
0.43694
0.44100
0.44368
0.44604
0.44632
0.44446
0.43830
0.42817
0.41334
0.39571
0.37585
0.35596
0.33638
0.31832
0.30128
0.28544
0.26987
0.25441
0.23825
0.22121
0.20261
0.18220
0.15956
0.13476
0.10811
0.08018
0.05174
0.02322
-0.00474
-0.03232
-0.05918
-0.08599
-0.11241
-0.13935
-0.16619
-0.19395
-0.22166
-0.25040
-0.27896
-0.30848
-0.33756
-0.36748
-0.39670
-0.42667
-0.45575
-0.48562
-0.51450
-0.54431
-0.57315
-0.60311
-0.63224
-0.66263
-0.69227
-0.72293
-0.75209
-0.78078
-0.80631
-0.82976
-0.84984
-0.86814
-0.88514
-0.90179
-0.91945
-0.93772
-0.95740
-0.97607
-0.99165
-1.00000
-0.99817
-0.98495
-0.96069
-0.92759
-0.88660
-0.83854
-0.78083
-0.70799
-0.60759
-0.46492
-0.26735
-0.01831
0.26038
0.52734
0.74045
0.86682
0.89942
0.85010
0.74924
0.62747
0.51528
0.42929
0.37954
0.36164
0.36886
0.38662
0.40503
0.41220
0.40464
0.37863
0.33808
0.28545
0.22758
0.16882
0.11437
0.06739
0.02884
-0.00113
-0.02521
-0.04543
-0.06528
-0.08606
-0.11037
-0.13697
-0.16771
-0.19923
-0.23326
-0.26599
-0.29930
-0.33039
-0.36119
-0.39002
-0.41861
-0.44661
-0.47657
-0.50809
-0.53783
-0.55168
-0.52697
-0.43608
-0.26187
-0.00919
0.28911
0.58070
0.81186
0.94479
0.96948
0.90092
0.77191
0.61979
0.47732
0.36690
0.29738
0.26740
0.26615
0.28020
0.29493
0.29920
0.28609
0.25329
0.20260
0.13811
0.06619
-0.00283
-0.05717
-0.07996
-0.06097
0.00884
0.12300
0.27072
0.42795
0.57178
0.67814
0.73467
0.73844
0.70006
0.63525
0.56338
0.49877
0.45218
0.42616
0.41961
0.42620
0.43923
0.45140
0.45749
0.45443
0.44144
0.41996
0.39247
0.36189
0.33137
0.30234
0.27699
0.25444
0.23571
0.21845
0.20305
0.18699
0.17086
0.15291
0.13435
0.11407
0.09373
0.07228
0.05155
0.03028
0.01013
-0.01056
-0.03019
-0.04943
-0.06483
-0.07437
-0.07343
-0.06085
-0.03583
-0.00173
0.03836
0.07960
0.11941
0.15531
0.18755
0.21643
0.24328
0.26763
0.28805
0.30170
0.30623
0.30083
0.28653
0.26634
0.24335
0.22097
0.20075
0.18402
0.16995
0.15816
0.14681
0.13501
0.12141
0.10534
0.08681
0.06557
0.04286
0.01867
-0.00536
-0.02942
-0.05232
-0.07463
-0.09576
-0.11655
-0.13701
-0.15808
-0.17927
-0.19888
-0.21221
-0.21301
-0.19475
-0.15392
-0.09214
-0.01695
0.05922
0.12288
0.16253
0.17326
0.15614
0.11900
0.07106
0.02284
-0.01926
-0.05023
-0.07049
-0.08086
-0.08613
-0.08921
-0.09465
-0.10408
-0.11930
-0.13977
-0.16480
-0.19251
-0.22143
-0.24984
-0.27690
-0.30193
-0.32511
-0.34656
-0.36733
-0.38817
-0.41032
-0.43145
-0.44583
-0.44141
-0.40733
-0.33734
-0.23942
-0.13111
-0.03752
0.02280
0.03898
0.01498
-0.03968
-0.10867
-0.17881
-0.23881
-0.28301
-0.31095
-0.32493
-0.33093
-0.33410
-0.33983
-0.35156
-0.37059
-0.39738
-0.42962
-0.46613
-0.50465
-0.54457
-0.58176
-0.60462
-0.59125
-0.51459
-0.35670
-0.12389
0.14924
0.40799
0.60084
0.69526
0.68834
0.60068
0.46569
0.31897
0.18825
0.09154
0.03396
0.01138
0.01288
0.02475
0.03475
0.03250
0.01269
-0.02669
-0.07994
-0.13416
-0.16755
-0.15580
-0.08307
0.05075
0.22223
0.39741
0.53807
0.62115
0.63871
0.60118
0.52769
0.44086
0.36005
0.29843
0.26140
0.24808
0.25207
0.26559
0.27981
0.28845
0.28710
0.27449
0.25169
0.22112
0.18629
0.15076
0.11673
0.08631
0.05869
0.03623
0.02090
0.01962
0.03620
0.07201
0.12004
0.16935
0.20744
0.22641
0.22387
0.20344
0.17150
0.13568
0.10216
0.07528
0.05664
0.04583
0.04078
0.03882
0.03713
0.03337
0.02580
0.01372
-0.00286
-0.02296
-0.04553
-0.06888
-0.09219
-0.11412
-0.13489
-0.15402
-0.17188
-0.18707
-0.19763
-0.20045
-0.19317
-0.17517
-0.14780
-0.11437
-0.07830
-0.04294
-0.00988
0.01972
0.04594
0.06731
0.08256
0.08851
0.08427
0.06901
0.04601
0.01767
-0.01105
-0.03860
-0.06195
-0.08231
-0.09888
-0.11461
-0.12982
-0.14729
-0.16723
-0.19062
-0.21695
-0.24550
-0.27540
-0.30545
-0.33514
-0.36389
-0.39157
-0.41816
-0.44393
-0.46989
-0.49642
-0.52256
-0.54330
-0.55060
-0.53477
-0.48888
-0.41153
-0.30849
-0.19196
-0.07843
0.01526
0.07536
0.09619
0.07980
0.03679
-0.02025
-0.07748
-0.12588
-0.15791
-0.17117
-0.16330
-0.13655
-0.09302
-0.04017
0.01529
0.06263
0.09539
0.10704
0.09854
0.07229
0.03598
-0.00401
-0.04069
-0.07070
-0.09188
-0.10556
-0.11311
-0.11834
-0.12294
-0.13042
-0.14070
-0.15566
-0.17340
-0.19460
-0.21676
-0.24033
-0.26319
-0.28596
-0.30720
-0.32793
-0.34721
-0.36642
-0.38472
-0.40373
-0.42238
-0.44224
-0.46193
-0.48292
-0.50383
-0.52605
-0.54820
-0.57075
-0.59184
-0.61016
-0.62415
-0.63237
-0.63538
-0.63377
-0.62983
-0.62543
-0.62195
-0.62038
-0.61949
-0.61825
-0.61329
-0.60357
-0.58756
-0.56517
-0.53104
-0.47436
-0.37979
-0.23807
-0.05549
0.14236
0.31851
0.43918
0.48610
0.46134
0.38242
0.27480
0.16270
0.06532
-0.00559
-0.04366
-0.04671
-0.01570
0.04515
0.12772
0.22164
0.31589
0.40193
0.47467
0.53338
0.58112
0.62232
0.66209
0.70058
0.73624
0.76193
0.77300
0.76547
0.74107
0.70406
0.66057
0.61666
0.57591
0.54075
0.51047
0.48424
0.45945
0.43441
0.40694
0.37608
0.34105
0.30196
0.25922
0.21309
0.16489
0.11453
0.06446
0.01382
-0.03472
-0.08294
-0.12892
-0.17486
-0.21992
-0.26577
-0.31167
-0.35852
-0.40630
-0.45584
-0.50481
-0.54684
-0.56922
-0.55694
-0.49769
-0.38878
-0.24123
-0.07802
0.07037
0.17741
0.22552
0.21420
0.15367
0.06508
-0.03233
-0.11930
-0.18712
-0.22991
-0.25248
-0.25928
-0.26057
-0.26256
-0.27219
-0.29214
-0.32324
-0.36408
-0.41140
-0.46214
-0.51258
-0.56101
-0.60537
-0.64616
-0.68341
-0.71985
-0.75617
-0.79036
-0.81153
-0.80075
-0.73471
-0.59617
-0.38425
-0.11953
0.15909
0.40554
0.58112
0.66480
0.65917
0.58458
0.47290
0.35521
0.25657
0.19080
0.16113
0.16243
0.18346
0.21182
0.23501
0.24602
0.24299
0.23325
0.22880
0.24443
0.29029
0.36725
0.46680
0.56978
0.65760
0.71218
0.72832
0.70732
0.66113
0.60228
0.54440
0.49601
0.46237
0.44318
0.43612
0.43537
0.43668
0.43435
0.42677
0.41136
0.38990
0.36246
0.33257
0.30085
0.27084
0.24189
0.21641
0.19193
0.17042
0.15059
0.13728
0.13282
0.14326
0.16938
0.21192
0.26535
0.32408
0.37851
0.42178
0.44715
0.45385
0.44333
0.42182
0.39522
0.37042
0.35092
0.33955
0.33407
0.33273
0.32983
0.32320
0.30903
0.28814
0.26045
0.22893
0.19491
0.16123
0.12845
0.09801
0.06794
0.03874
0.01222
-0.00013
0.01649
0.07697
0.18121
0.31300
0.44188
0.53854
0.58397
0.57597
0.52470
0.44791
0.36381
0.28772
0.22920
0.19143
0.17243
0.16633
0.16630
0.16533
0.15851
0.14274
0.11764
0.08436
0.04544
0.00391
-0.03779
-0.07703
-0.11357
-0.14616
-0.17661
-0.20472
-0.23194
-0.25656
-0.27632
-0.28699
-0.28529
-0.26995
-0.24248
-0.20674
-0.16722
-0.12809
-0.09165
-0.05931
-0.03112
-0.00854
0.00716
0.01277
0.00766
-0.00891
-0.03323
-0.06284
-0.09243
-0.12055
-0.14400
-0.16438
-0.18079
-0.19657
-0.21149
-0.22853
-0.24703
-0.26863
-0.29204
-0.31752
-0.34358
-0.36990
-0.39560
-0.42051
-0.44444
-0.46753
-0.48995
-0.51231
-0.53487
-0.55781
-0.57892
-0.59479
-0.59925
-0.58754
-0.55595
-0.50609
-0.44177
-0.37038
-0.29770
-0.22956
-0.16844
-0.11740
-0.07775
-0.05230
-0.04146
-0.04522
-0.05972
-0.08109
-0.10342
-0.12354
-0.13812
-0.14781
-0.15259
-0.15527
-0.15575
-0.15492
-0.15017
-0.14056
-0.12410
-0.10164
-0.07421
-0.04424
-0.01361
0.01567
0.04160
0.06196
0.07469
0.07874
0.07471
0.06471
0.05234
0.04100
0.03408
0.03290
0.03803
0.04775
0.06054
0.07345
0.08486
0.09224
0.09491
0.09171
0.08367
0.07173
0.05809
0.04440
0.03179
0.02059
0.00996
-0.00092
-0.01348
-0.02812
-0.04535
-0.06438
-0.08487
-0.10592
-0.12735
-0.14817
-0.16678
-0.18009
-0.18472
-0.17802
-0.15939
-0.13063
-0.09526
-0.05737
-0.02025
0.01450
0.04669
0.07684
0.10400
0.12567
0.13782
0.13729
0.12325
0.09765
0.06484
0.02915
-0.00524
-0.03631
-0.06199
-0.08134
-0.09184
-0.09205
-0.08030
-0.05786
-0.02715
0.00670
0.03843
0.06220
0.07406
0.07225
0.05796
0.03492
0.00758
-0.01925
-0.04259
-0.06038
-0.07274
-0.08057
-0.08579
-0.09033
-0.09582
-0.10366
-0.11435
-0.12777
-0.14185
-0.15313
-0.15686
-0.14934
-0.12946
-0.09949
-0.06431
-0.02910
0.00193
0.02667
0.04423
0.05455
0.05780
0.05446
0.04569
0.03314
0.01908
0.00532
-0.00660
-0.01638
-0.02374
-0.02896
-0.03144
-0.03086
-0.02635
-0.01827
-0.00703
0.00576
0.01861
0.02962
0.03721
0.04041
0.03880
0.03333
0.02509
0.01612
0.00752
0.00070
-0.00433
-0.00738
-0.00924
-0.01037
-0.01166
-0.01355
-0.01625
-0.01905
-0.02055
-0.01877
-0.01216
0.00010
0.01736
0.03841
0.06125
0.08448
0.10652
0.12612
0.14131
0.15002
0.15034
0.14181
0.12598
0.10604
0.08618
0.06984
0.05926
0.05473
0.05524
0.05884
0.06327
0.06670
0.06775
0.06607
0.06177
0.05570
0.04843
0.04042
0.03091
0.01899
0.00333
-0.01539
-0.03512
-0.05123
-0.05950
-0.05651
-0.04210
-0.01848
0.00945
0.03612
0.05601
0.06575
0.06439
0.05410
0.03869
0.02280
0.01019
0.00326
0.00267
0.00759
0.01627
0.02646
0.03638
0.04434
0.04971
0.05160
0.05028
0.04545
0.03819
0.02886
0.01904
0.00921
0.00049
-0.00737
-0.01436
-0.02135
-0.02881
-0.03727
-0.04701
-0.05777
-0.06945
-0.08146
-0.09416
-0.10790
-0.12392
-0.14298
-0.16573
-0.19188
-0.22011
-0.24728
-0.26826
-0.27690
-0.26797
-0.23950
-0.19329
-0.13444
-0.06929
-0.00454
0.05339
0.09845
0.12582
0.13338
0.12236
0.09753
0.06531
0.03244
0.00394
-0.01730
-0.03088
-0.03841
-0.04213
-0.04434
-0.04523
-0.04423
-0.03899
-0.02847
-0.01194
0.00927
0.03354
0.05881
0.08356
0.10708
0.12878
0.14805
0.16329
0.17232
0.17330
0.16535
0.14976
0.12865
0.10535
0.08229
0.06155
0.04371
0.02868
0.01564
0.00366
-0.00789
-0.01968
-0.03179
-0.04461
-0.05791
-0.07195
-0.08641
-0.10138
-0.11567
-0.12784
-0.13476
-0.13410
-0.12369
-0.10409
-0.07685
-0.04534
-0.01230
0.01946
0.04802
0.07121
0.08698
0.09363
0.09064
0.07932
0.06256
0.04456
0.02927
0.02005
0.01817
0.02360
0.03415
0.04741
0.05979
0.06891
0.07229
0.06953
0.06081
0.04792
0.03278
0.01743
0.00350
-0.00823
-0.01736
-0.02447
-0.03003
-0.03505
-0.04017
-0.04601
-0.05305
-0.06120
-0.07029
-0.07905
-0.08618
-0.08960
-0.08820
-0.08131
-0.06982
-0.05509
-0.03886
-0.02255
-0.00757
0.00451
0.01169
0.01202
0.00424
-0.01152
-0.03373
-0.05978
-0.08704
-0.11327
-0.13712
-0.15730
-0.17242
-0.18029
-0.17916
-0.16794
-0.14769
-0.12069
-0.09061
-0.06096
-0.03517
-0.01544
-0.00298
0.00276
0.00335
0.00150
-0.00043
-0.00050
0.00118
0.00377
0.00489
0.00373
-0.00038
-0.00560
-0.01119
-0.01547
-0.01919
-0.02244
-0.02695
-0.03307
-0.04170
-0.05226
-0.06449
-0.07738
-0.09052
-0.10316
-0.11530
-0.12655
-0.13753
-0.14808
-0.15878
-0.16860
-0.17695
-0.18193
-0.18292
-0.17929
-0.17203
-0.16220
-0.15146
-0.14082
-0.13151
-0.12435
-0.12090
-0.12234
-0.12995
-0.14368
-0.16278
-0.18555
-0.20999
-0.23302
-0.25037
-0.25674
-0.24816
-0.22408
-0.18900
-0.15063
-0.11737
-0.09468
-0.08391
-0.08210
-0.08366
-0.08227
-0.07301
-0.05393
-0.02634
0.00572
0.03729
0.06401
0.08338
0.09514
0.10061
0.10238
0.10276
0.10403
0.10700
0.11219
0.11862
0.12574
0.13229
0.13803
0.14237
0.14562
0.14770
0.14884
0.14899
0.14807
0.14671
0.14524
0.14460
0.14377
0.14165
0.13521
0.12250
0.10099
0.07034
0.03146
-0.01084
-0.04976
-0.07665
-0.08559
-0.07376
-0.04399
-0.00142
0.04645
0.09396
0.13608
0.17053
0.19487
0.20811
0.20886
0.19811
0.17793
0.15314
0.12835
0.10842
0.09571
0.09116
0.09326
0.09968
0.10751
0.11435
0.11859
0.11962
0.11746
0.11299
0.10690
0.10063
0.09455
0.08978
0.08599
0.08377
0.08232
0.08177
0.08125
0.08091
0.08048
0.08059
0.08147
0.08353
0.08660
0.09053
0.09487
0.09937
0.10347
0.10651
0.10758
0.10586
0.10094
0.09296
0.08269
0.07114
0.05936
0.04792
0.03696
0.02607
0.01483
0.00278
-0.01013
-0.02393
-0.03845
-0.05355
-0.06879
-0.08345
-0.09644
-0.10667
-0.11346
-0.11676
-0.11728
-0.11608
-0.11440
-0.11316
-0.11298
-0.11399
-0.11599
-0.11839
-0.12050
-0.12178
-0.12182
-0.12076
-0.11862
-0.11596
-0.11290
-0.11010
-0.10735
-0.10486
-0.10193
-0.09809
-0.09299
-0.08611
-0.07811
-0.06890
-0.06040
-0.05318
-0.04925
-0.04845
-0.05149
-0.05713
-0.06476
-0.07240
-0.07981
-0.08678
-0.09372
-0.09626
-0.08557
-0.04902
0.02030
0.11944
0.23309
0.34201
0.42920
0.48664
0.51359
0.51533
0.49880
0.47218
0.44250
0.41600
0.39629
0.38506
0.38142
0.38319
0.38717
0.39036
0.39035
0.38561
0.37573
0.36105
0.34264
0.32213
0.30056
0.27983
0.25990
0.24227
0.22583
0.21138
0.19717
0.18369
0.16940
0.15505
0.13955
0.12381
0.10711
0.09046
0.07330
0.05655
0.03992
0.02496
0.01250
0.00483
0.00257
0.00647
0.01494
0.02674
0.03934
0.05144
0.06113
0.06717
0.06790
0.06227
0.05011
0.03226
0.01084
-0.01221
-0.03432
-0.05383
-0.06816
-0.07599
-0.07542
-0.06734
-0.05282
-0.03657
-0.02247
-0.01660
-0.02135
-0.03895
-0.06682
-0.10207
-0.14017
-0.17712
-0.21096
-0.23962
-0.26436
-0.28538
-0.30528
-0.32533
-0.34739
-0.37231
-0.40025
-0.43128
-0.46498
-0.50094
-0.53576
-0.56028
-0.55857
-0.51069
-0.40329
-0.23739
-0.03507
0.16788
0.33233
0.43062
0.45351
0.41030
0.32303
0.21743
0.11694
0.03707
-0.01415
-0.03576
-0.02941
0.00164
0.05443
0.12288
0.19891
0.26979
0.32455
0.35335
0.35444
0.33051
0.29010
0.24293
0.19793
0.16238
0.14035
0.13400
0.14305
0.16383
0.19112
0.21577
0.23067
0.22857
0.20817
0.17062
0.12136
0.06654
0.01161
-0.03942
-0.08591
-0.12837
-0.16941
-0.21094
-0.25484
-0.30203
-0.35312
-0.40768
-0.46324
-0.51321
-0.54776
-0.55482
-0.52666
-0.46191
-0.37037
-0.26775
-0.17421
-0.10519
-0.07051
-0.06952
-0.09505
-0.13350
-0.17110
-0.19514
-0.19854
-0.17905
-0.14020
-0.08835
-0.03125
0.02403
0.07295
0.11261
0.14379
0.16753
0.18754
0.20597
0.22592
0.24815
0.27303
0.29910
0.32490
0.34857
0.36945
0.38577
0.39654
0.39827
0.38976
0.36887
0.33803
0.29882
0.25619
0.21265
0.17157
0.13395
0.09979
0.06859
0.03825
0.00826
-0.02333
-0.05647
-0.09267
-0.13208
-0.17597
-0.22403
-0.27668
-0.33308
-0.39310
-0.45254
-0.50299
-0.52809
-0.51060
-0.43837
-0.31496
-0.16015
-0.00505
0.11944
0.19320
0.21071
0.18119
0.12133
0.05109
-0.01318
-0.06010
-0.08523
-0.08979
-0.07904
-0.06020
-0.04051
-0.02563
-0.02024
-0.02596
-0.04463
-0.07476
-0.11568
-0.16327
-0.21234
-0.25419
-0.27818
-0.27516
-0.23917
-0.17155
-0.07911
0.02584
0.12821
0.21265
0.26592
0.28148
0.25981
0.20982
0.14414
0.07734
0.02085
-0.01718
-0.03473
-0.03342
-0.01969
0.00008
0.01814
0.03058
0.03361
0.02767
0.01250
-0.00953
-0.03713
-0.06794
-0.09983
-0.13074
-0.15824
-0.18124
-0.19856
-0.21106
-0.21975
-0.22673
-0.23383
-0.24212
-0.25142
-0.25989
-0.26480
-0.26376
-0.25527
-0.24009
-0.21940
-0.19563
-0.16995
-0.14343
-0.11602
-0.08777
-0.05964
-0.03356
-0.01323
-0.00101
0.00187
-0.00119
-0.00553
-0.00424
0.00650
0.02932
0.06208
0.10120
0.13955
0.17014
0.18592
0.18347
0.16259
0.12742
0.08364
0.03780
-0.00531
-0.04240
-0.07279
-0.09758
-0.11904
-0.13880
-0.15555
-0.16492
-0.16059
-0.13887
-0.10074
-0.05326
-0.00559
0.03296
0.05739
0.06549
0.05958
0.04312
0.02204
0.00171
-0.01237
-0.01688
-0.01046
0.00585
0.02911
0.05581
0.08210
0.10563
0.12435
0.13815
0.14619
0.14898
0.14593
0.13813
0.12622
0.11237
0.09784
0.08453
0.07274
0.06338
0.05530
0.04798
0.03882
0.02655
0.00934
-0.01267
-0.03898
-0.06814
-0.09853
-0.12905
-0.15836
-0.18654
-0.21298
-0.23872
-0.26384
-0.28962
-0.31555
-0.34032
-0.35993
-0.36967
-0.36500
-0.34429
-0.30835
-0.26132
-0.20722
-0.15104
-0.09503
-0.04157
0.00935
0.05630
0.09756
0.12932
0.14766
0.15006
0.13658
0.11129
0.08050
0.05332
0.03787
0.04168
0.06718
0.11391
0.17539
0.24357
0.30680
0.35517
0.37969
0.37736
0.34952
0.30325
0.24721
0.19054
0.13991
0.09899
0.06848
0.04627
0.02944
0.01459
-0.00031
-0.01650
-0.03396
-0.05258
-0.07184
-0.09182
-0.11196
-0.13236
-0.15098
-0.16635
-0.17444
-0.17360
-0.16174
-0.14062
-0.11226
-0.08087
-0.04965
-0.02208
0.00008
0.01562
0.02536
0.03055
0.03383
0.03708
0.04245
0.05038
0.06100
0.07263
0.08350
0.09114
0.09429
0.09264
0.08767
0.08200
0.07871
0.08039
0.08834
0.10227
0.12069
0.14136
0.16226
0.18174
0.19907
0.21421
0.22769
0.23989
0.25041
0.25773
0.25981
0.25466
0.24182
0.22197
0.19750
0.17081
0.14448
0.11987
0.09783
0.07797
0.05968
0.04147
0.02291
0.00365
-0.01414
-0.02848
-0.03622
-0.03675
-0.03021
-0.01944
-0.00700
0.00395
0.01206
0.01643
0.01764
0.01632
0.01411
0.01349
0.01789
0.03060
0.05203
0.07907
0.10452
0.12120
0.12357
0.11099
0.08583
0.05316
0.01783
-0.01573
-0.04488
-0.06858
-0.08735
-0.10300
-0.11719
-0.13179
-0.14740
-0.16481
-0.18351
-0.20286
-0.22043
-0.23306
-0.23667
-0.22862
-0.20792
-0.17667
-0.13809
-0.09652
-0.05531
-0.01701
0.01735
0.04814
0.07616
0.10225
0.12522
0.14320
0.15296
0.15336
0.14416
0.12819
0.10812
0.08762
0.06853
0.05243
0.03917
0.02835
0.01872
0.00909
-0.00158
-0.01413
-0.02851
-0.04494
-0.06274
-0.08207
-0.10135
-0.11901
-0.13078
-0.13322
-0.12241
-0.09813
-0.06151
-0.01731
0.02982
0.07411
0.11189
0.14046
0.16013
0.17253
0.18101
0.18817
0.19582
0.20377
0.21090
0.21561
0.21691
0.21471
0.20964
0.20278
0.19514
0.18745
0.18021
0.17324
0.16650
0.15917
0.15150
0.14289
0.13435
0.12539
0.11717
0.10870
0.10095
0.09285
0.08609
0.08085
0.08025
0.08513
0.09755
0.11599
0.13934
0.16371
0.18692
0.20590
0.22048
0.23053
0.23895
0.24827
0.26221
0.28158
0.30561
0.32969
0.34898
0.35849
0.35660
0.34377
0.32335
0.29892
0.27435
0.25201
0.23351
0.21889
0.20785
0.19920
0.19218
0.18560
0.17900
0.17153
0.16312
0.15339
0.14271
0.13117
0.11947
0.10771
0.09630
0.08472
0.07268
0.05940
0.04467
0.02843
0.01100
-0.00707
-0.02544
-0.04348
-0.06117
-0.07815
-0.09487
-0.11118
-0.12765
-0.14389
-0.16014
-0.17565
-0.19063
-0.20446
-0.21773
-0.23004
-0.24231
-0.25420
-0.26664
-0.27903
-0.29208
-0.30486
-0.31805
-0.33029
-0.34201
-0.35140
-0.35922
-0.36427
-0.36843
-0.37101
-0.37420
-0.37691
-0.38117
-0.38535
-0.39107
-0.39628
-0.40230
-0.40755
-0.41372
-0.42042
-0.42971
-0.44165
-0.45739
-0.47594
-0.49703
-0.51897
-0.54127
-0.56276
-0.58371
-0.60401
-0.62406
-0.64209
-0.65436
-0.65399
-0.63428
-0.59017
-0.52217
-0.43514
-0.33856
-0.24236
-0.15574
-0.08397
-0.02839
0.01398
0.04825
0.07985
0.11183
0.14425
0.17406
0.19773
0.21205
0.21683
0.21308
0.20464
0.19495
0.18910
0.19030
0.20167
0.22306
0.25301
0.28804
0.32454
0.35953
0.39019
0.41470
0.43041
0.43631
0.43140
0.41800
0.39824
0.37668
0.35550
0.33791
0.32378
0.31397
0.30644
0.30069
0.29412
0.28651
0.27654
0.26608
0.25587
0.24929
0.24672
0.25000
0.25686
0.26693
0.27653
0.28536
0.29082
0.29412
0.29420
0.29300
0.29008
0.28728
0.28442
0.28288
0.28224
0.28293
0.28413
0.28593
0.28772
0.28969
0.29127
0.29267
0.29345
0.29402
0.29380
0.29222
0.28707
0.27595
0.25603
0.22603
0.18586
0.13774
0.08459
0.03117
-0.01805
-0.05765
-0.08430
-0.09619
-0.09533
-0.08587
-0.07409
-0.06586
-0.06598
-0.07657
-0.09712
-0.12388
-0.15110
-0.17145
-0.17903
-0.17048
-0.14767
-0.11624
-0.08486
-0.06154
-0.05182
-0.05730
-0.07581
-0.10320
-0.13412
-0.16442
-0.19030
-0.20969
-0.22033
-0.22162
-0.21320
-0.19715
-0.17577
-0.15286
-0.13081
-0.11208
-0.09683
-0.08515
-0.07544
-0.06713
-0.05975
-0.05484
-0.05398
-0.05924
-0.07082
-0.08830
-0.10934
-0.13149
-0.15072
-0.16353
-0.16616
-0.15778
-0.13972
-0.11691
-0.09486
-0.07908
-0.07242
-0.07544
-0.08612
-0.10096
-0.11543
-0.12500
-0.12596
-0.11672
-0.09816
-0.07376
-0.04791
-0.02506
-0.00781
0.00250
0.00694
0.00724
0.00681
0.00838
0.01417
0.02389
0.03550
0.04579
0.05193
0.05258
0.04785
0.03912
0.02817
0.01676
0.00627
-0.00263
-0.00981
-0.01559
-0.01997
-0.02248
-0.02202
-0.01746
-0.00811
0.00560
0.02270
0.04148
0.06078
0.07930
0.09641
0.11084
0.12131
0.12584
0.12321
0.11285
0.09607
0.07485
0.05209
0.02967
0.00913
-0.00976
-0.02748
-0.04551
-0.06425
-0.08379
-0.10261
-0.11922
-0.13208
-0.14067
-0.14534
-0.14701
-0.14699
-0.14630
-0.14589
-0.14606
-0.14693
-0.14819
-0.14939
-0.15025
-0.15043
-0.15014
-0.14898
-0.14650
-0.14076
-0.13040
-0.11414
-0.09378
-0.07211
-0.05401
-0.04227
-0.03907
-0.04310
-0.05308
-0.06585
-0.07999
-0.09314
-0.10522
-0.11510
-0.12383
-0.13105
-0.13833
-0.14535
-0.15319
-0.16069
-0.16809
-0.17392
-0.17847
-0.18105
-0.18252
-0.18362
-0.18609
-0.19164
-0.20137
-0.21512
-0.23126
-0.24718
-0.26042
-0.26949
-0.27471
-0.27772
-0.28052
-0.28361
-0.28486
-0.27980
-0.26340
-0.23263
-0.18821
-0.13478
-0.07963
-0.03013
0.00814
0.03325
0.04636
0.05147
0.05293
0.05505
0.06011
0.06949
0.08249
0.09846
0.11528
0.13195
0.14600
0.15672
0.16201
0.16207
0.15635
0.14633
0.13320
0.11874
0.10485
0.09268
0.08369
0.07781
0.07476
0.07230
0.06723
0.05523
0.03250
-0.00220
-0.04570
-0.08997
-0.12416
-0.13827
-0.12662
-0.08957
-0.03260
0.03483
0.10203
0.15743
0.19236
0.20089
0.18397
0.14604
0.09644
0.04338
-0.00491
-0.04451
-0.07354
-0.09386
-0.10833
-0.11966
-0.12819
-0.13084
-0.12302
-0.10010
-0.06093
-0.00748
0.05557
0.12281
0.18929
0.24922
0.29692
0.32524
0.32951
0.30754
0.26290
0.20280
0.13761
0.07732
0.03002
-0.00026
-0.01381
-0.01451
-0.00810
0.00043
0.00808
0.01444
0.02069
0.02816
0.03793
0.04941
0.06233
0.07513
0.08782
0.09908
0.10902
0.11610
0.12009
0.12008
0.11670
0.11081
0.10398
0.09778
0.09328
0.09112
0.09092
0.09196
0.09269
0.09173
0.08755
0.07964
0.06804
0.05418
0.03966
0.02686
0.01700
0.01126
0.00856
0.00762
0.00557
0.00042
-0.00929
-0.02343
-0.04044
-0.05852
-0.07520
-0.08951
-0.10047
-0.10973
-0.11897
-0.13263
-0.15374
-0.18578
-0.22748
-0.27477
-0.31808
-0.34720
-0.35241
-0.32982
-0.28076
-0.21247
-0.13385
-0.05431
0.01977
0.08455
0.13995
0.18760
0.22967
0.26664
0.29672
0.31696
0.32480
0.32036
0.30583
0.28573
0.26391
0.24434
0.22815
0.21639
0.20732
0.20021
0.19253
0.18361
0.17192
0.15756
0.14049
0.12133
0.10121
0.08062
0.06125
0.04303
0.02755
0.01395
0.00312
-0.00658
-0.01509
-0.02453
-0.03552
-0.05052
-0.06989
-0.09411
-0.11910
-0.13915
-0.14493
-0.12972
-0.08987
-0.02963
0.04181
0.11121
0.16702
0.20156
0.21337
0.20648
0.18822
0.16766
0.15202
0.14671
0.15228
0.16678
0.18429
0.19953
0.20681
0.20456
0.19196
0.17237
0.14741
0.12034
0.09020
0.05670
0.01733
-0.02760
-0.07659
-0.12551
-0.17021
-0.20752
-0.23660
-0.25871
-0.27637
-0.29270
-0.31014
-0.33097
-0.35576
-0.38445
-0.41413
-0.44115
-0.45998
-0.46717
-0.46072
-0.44238
-0.41520
-0.38281
-0.34733
-0.30906
-0.26767
-0.22257
-0.17554
-0.12873
-0.08624
-0.04965
-0.02030
0.00422
0.02502
0.04430
0.06038
0.07196
0.07557
0.07076
0.05710
0.03764
0.01441
-0.00904
-0.03154
-0.05143
-0.06927
-0.08514
-0.10062
-0.11645
-0.13337
-0.14998
-0.16340
-0.16913
-0.16316
-0.14354
-0.11173
-0.07269
-0.03294
0.00124
0.02675
0.04331
0.05339
0.05918
0.06219
0.06219
0.05885
0.05210
0.04284
0.03222
0.02143
0.01123
0.00245
-0.00408
-0.00706
-0.00547
0.00135
0.01272
0.02747
0.04331
0.05857
0.07131
0.08100
0.08738
0.09158
0.09481
0.09906
0.10573
0.11614
0.13038
0.14808
0.16808
0.18927
0.21035
0.22955
0.24437
0.25155
0.24834
0.23339
0.20784
0.17502
0.13966
0.10664
0.07963
0.06043
0.04871
0.04249
0.03907
0.03566
0.03032
0.02212
0.01123
-0.00090
-0.01304
-0.02317
-0.03122
-0.03618
-0.03946
-0.04069
-0.04181
-0.04295
-0.04626
-0.05252
-0.06348
-0.07917
-0.09859
-0.11814
-0.13238
-0.13501
-0.12126
-0.08958
-0.04209
0.01632
0.07981
0.14187
0.19622
0.23599
0.25611
0.25383
0.23111
0.19322
0.14785
0.10240
0.06273
0.03204
0.01090
-0.00234
-0.01072
-0.01782
-0.02669
-0.03970
-0.05740
-0.07884
-0.10080
-0.11898
-0.12905
-0.12815
-0.11610
-0.09470
-0.06766
-0.03855
-0.01052
0.01467
0.03665
0.05521
0.07049
0.08082
0.08462
0.07955
0.06529
0.04259
0.01431
-0.01652
-0.04666
-0.07407
-0.09752
-0.11726
-0.13415
-0.14983
-0.16581
-0.18335
-0.20267
-0.22236
-0.23944
-0.24969
-0.24985
-0.23814
-0.21594
-0.18601
-0.15246
-0.11826
-0.08560
-0.05486
-0.02601
0.00091
0.02516
0.04516
0.06001
0.06920
0.07422
0.07633
0.07760
0.07839
0.07919
0.07908
0.07790
0.07491
0.07043
0.06436
0.05717
0.04895
0.03977
0.02952
0.01756
0.00336
-0.01374
-0.03275
-0.05146
-0.06577
-0.07205
-0.06761
-0.05262
-0.02904
-0.00052
0.02943
0.05774
0.08282
0.10422
0.12251
0.13813
0.15093
0.15954
0.16240
0.15816
0.14703
0.13038
0.11059
0.09010
0.07063
0.05343
0.03843
0.02549
0.01321
0.00093
-0.01220
-0.02507
-0.03578
-0.04108
-0.03858
-0.02720
-0.00874
0.01270
0.03147
0.04228
0.04190
0.02984
0.00836
-0.01883
-0.04762
-0.07462
-0.09783
-0.11646
-0.13122
-0.14313
-0.15392
-0.16410
-0.17398
-0.18189
-0.18671
-0.18659
-0.18189
-0.17291
-0.16167
-0.14936
-0.13743
-0.12651
-0.11714
-0.11014
-0.10651
-0.10758
-0.11393
-0.12548
-0.14093
-0.15860
-0.17660
-0.19377
-0.20932
-0.22288
-0.23327
-0.23828
-0.23476
-0.21986
-0.19263
-0.15427
-0.10832
-0.05891
-0.01055
0.03342
0.07052
0.10015
0.12300
0.14153
0.15822
0.17533
0.19255
0.20804
0.21789
0.21921
0.21015
0.19185
0.16672
0.13860
0.11079
0.08618
0.06623
0.05118
0.04027
0.03166
0.02366
0.01431
0.00331
-0.00873
-0.01886
-0.02419
-0.02165
-0.01068
0.00825
0.03239
0.05941
0.08642
0.11213
0.13511
0.15462
0.16911
0.17708
0.17713
0.16916
0.15439
0.13534
0.11471
0.09497
0.07749
0.06290
0.05077
0.04032
0.03037
0.01990
0.00796
-0.00550
-0.02005
-0.03363
-0.04433
-0.04954
-0.04855
-0.04109
-0.02906
-0.01405
0.00151
0.01627
0.02880
0.03866
0.04568
0.05054
0.05460
0.05961
0.06742
0.07879
0.09335
0.10847
0.12083
0.12633
0.12295
0.10992
0.08949
0.06408
0.03735
0.01142
-0.01157
-0.03116
-0.04718
-0.06062
-0.07269
-0.08470
-0.09770
-0.11180
-0.12696
-0.14188
-0.15622
-0.16867
-0.17990
-0.18932
-0.19772
-0.20360
-0.20610
-0.20288
-0.19323
-0.17695
-0.15567
-0.13107
-0.10448
-0.07570
-0.04327
-0.00523
0.04000
0.09202
0.14831
0.20296
0.24894
0.27852
0.28774
0.27589
0.24784
0.20991
0.17003
0.13363
0.10481
0.08413
0.07095
0.06226
0.05545
0.04723
0.03603
0.02038
0.00061
-0.02298
-0.04906
-0.07604
-0.10142
-0.12139
-0.13223
-0.13045
-0.11622
-0.09229
-0.06528
-0.04203
-0.02858
-0.02757
-0.03850
-0.05818
-0.08210
-0.10547
-0.12409
-0.13496
-0.13681
-0.13020
-0.11733
-0.10114
-0.08467
-0.07040
-0.05992
-0.05397
-0.05230
-0.05404
-0.05786
-0.06230
-0.06625
-0.06867
-0.06903
-0.06667
-0.06118
-0.05226
-0.03979
-0.02446
-0.00700
0.01106
0.02883
0.04510
0.05988
0.07312
0.08568
0.09767
0.10874
0.11733
0.12144
0.11953
0.11112
0.09731
0.08000
0.06147
0.04348
0.02724
0.01306
0.00074
-0.01061
-0.02157
-0.03239
-0.04157
-0.04684
-0.04489
-0.03386
-0.01340
0.01375
0.04355
0.07080
0.09195
0.10470
0.10972
0.10867
0.10480
0.10067
0.09863
0.09928
0.10218
0.10556
0.10736
0.10598
0.10081
0.09260
0.08285
0.07350
0.06603
0.06119
0.05906
0.05885
0.05987
0.06092
0.06161
0.06128
0.05997
0.05702
0.05170
0.04309
0.03114
0.01735
0.00452
-0.00402
-0.00612
-0.00103
0.00986
0.02476
0.04082
0.05596
0.06715
0.07248
0.06968
0.05874
0.04021
0.01676
-0.00937
-0.03558
-0.06093
-0.08474
-0.10766
-0.13001
-0.15276
-0.17620
-0.20073
-0.22579
-0.25043
-0.27288
-0.29116
-0.30346
-0.30848
-0.30625
-0.29775
-0.28538
-0.27145
-0.25829
-0.24658
-0.23594
-0.22470
-0.21102
-0.19354
-0.17170
-0.14625
-0.11835
-0.09017
-0.06330
-0.03975
-0.01984
-0.00402
0.00927
0.02065
0.03189
0.04237
0.05202
0.05862
0.06156
0.05960
0.05379
0.04480
0.03456
0.02398
0.01432
0.00571
-0.00165
-0.00826
-0.01455
-0.02098
-0.02803
-0.03578
-0.04456
-0.05358
-0.06210
-0.06778
-0.06915
-0.06426
-0.05347
-0.03720
-0.01788
0.00293
0.02300
0.04161
0.05796
0.07257
0.08576
0.09857
0.11150
0.12523
0.13985
0.15552
0.17205
0.18896
0.20523
0.21896
0.22812
0.23075
0.22625
0.21519
0.19949
0.18153
0.16344
0.14698
0.13268
0.12089
0.11065
0.10156
0.09222
0.08242
0.07116
0.05874
0.04467
0.03018
0.01613
0.00533
-0.00048
0.00096
0.00927
0.02396
0.04217
0.06215
0.08119
0.09869
0.11354
0.12626
0.13607
0.14307
0.14601
0.14519
0.14042
0.13329
0.12473
0.11649
0.10904
0.10313
0.09858
0.09582
0.09502
0.09697
0.10179
0.10962
0.11948
0.13070
0.14192
0.15264
0.16163
0.16846
0.17193
0.17207
0.16858
0.16262
0.15494
0.14719
0.14007
0.13436
0.12968
0.12569
0.12163
0.11721
0.11245
0.10746
0.10270
0.09803
0.09378
0.08955
0.08553
0.08131
0.07694
0.07195
0.06632
0.05982
0.05283
0.04535
0.03707
0.02605
0.00950
-0.01597
-0.05183
-0.09689
-0.14646
-0.19413
-0.23388
-0.26202
-0.27838
-0.28510
-0.28582
-0.28337
-0.27964
-0.27481
-0.26884
-0.26148
-0.25355
-0.24613
-0.24055
-0.23684
-0.23354
-0.22732
-0.21434
-0.19193
-0.15997
-0.12172
-0.08207
-0.04687
-0.01947
-0.00178
0.00802
0.01196
0.01374
0.01494
0.01714
0.01933
0.02123
0.02124
0.01960
0.01573
0.01069
0.00437
-0.00217
-0.00911
-0.01550
-0.02138
-0.02602
-0.02950
-0.03175
-0.03314
-0.03416
-0.03519
-0.03678
-0.03934
-0.04344
-0.04935
-0.05687
-0.06503
-0.07201
-0.07586
-0.07494
-0.06878
-0.05795
-0.04402
-0.02868
-0.01356
0.00048
0.01292
0.02356
0.03170
0.03611
0.03537
0.02873
0.01691
0.00193
-0.01337
-0.02660
-0.03632
-0.04239
-0.04567
-0.04716
-0.04781
-0.04744
-0.04561
-0.04118
-0.03376
-0.02319
-0.01032
0.00396
0.01861
0.03291
0.04650
0.05865
0.06848
0.07420
0.07443
0.06801
0.05542
0.03800
0.01815
-0.00206
-0.02092
-0.03756
-0.05131
-0.06125
-0.06607
-0.06432
-0.05540
-0.03985
-0.01948
0.00323
0.02598
0.04703
0.06578
0.08210
0.09619
0.10740
0.11457
0.11604
0.11088
0.09926
0.08264
0.06336
0.04384
0.02649
0.01282
0.00384
-0.00072
-0.00149
0.00004
0.00259
0.00474
0.00563
0.00473
0.00207
-0.00192
-0.00668
-0.01151
-0.01596
-0.01961
-0.02236
-0.02415
-0.02520
-0.02578
-0.02619
-0.02690
-0.02813
-0.03025
-0.03309
-0.03671
-0.04065
-0.04492
-0.04914
-0.05339
-0.05729
-0.06103
-0.06433
-0.06753
-0.07044
-0.07344
-0.07625
-0.07929
-0.08221
-0.08543
-0.08859
-0.09200
-0.09533
-0.09879
-0.10210
-0.10548
-0.10875
-0.11208
-0.11531
-0.11859
-0.12183
-0.12537
-0.12950
-0.13472
-0.14102
-0.14783
-0.15368
-0.15675
-0.15533
-0.14881
-0.13745
-0.12279
-0.10635
-0.09003
-0.07473
-0.06126
-0.04942
-0.03897
-0.02915
-0.01917
-0.00827
0.00400
0.01701
0.02936
0.03857
0.04266
0.04030
0.03182
0.01846
0.00227
-0.01449
-0.02912
-0.03869
-0.04023
-0.03179
-0.01299
0.01447
0.04752
0.08267
0.11688
0.14822
0.17523
0.19700
0.21220
0.22017
0.22063
0.21487
0.20500
0.19374
0.18319
0.17413
0.16587
0.15657
0.14418
0.12719
0.10521
0.07892
0.04968
0.01883
-0.01237
-0.04322
-0.07216
-0.09734
-0.11516
-0.12307
-0.11867
-0.10313
-0.07832
-0.04892
-0.01845
0.00839
0.02924
0.04162
0.04602
0.04338
0.03677
0.02883
0.02249
0.01973
0.02194
0.02978
0.04291
0.06041
0.08039
0.10129
0.12135
0.13993
0.15582
0.16792
0.17384
0.17152
0.15942
0.13800
0.10917
0.07615
0.04233
0.01116
-0.01464
-0.03297
-0.04339
-0.04646
-0.04438
-0.03948
-0.03441
-0.03093
-0.03020
-0.03248
-0.03725
-0.04405
-0.05182
-0.06036
-0.06867
-0.07691
-0.08424
-0.09107
-0.09699
-0.10255
-0.10775
-0.11313
-0.11872
-0.12420
-0.12821
-0.12870
-0.12333
-0.11066
-0.09054
-0.06454
-0.03486
-0.00409
0.02593
0.05358
0.07767
0.09670
0.10941
0.11504
0.11396
0.10784
0.09888
0.08961
0.08166
0.07637
0.07391
0.07457
0.07760
0.08281
0.08897
0.09570
0.10177
0.10690
0.10999
0.11056
0.10763
0.10098
0.09071
0.07759
0.06265
0.04668
0.03032
0.01366
-0.00311
-0.02010
-0.03713
-0.05438
-0.07183
-0.08976
-0.10767
-0.12466
-0.13848
-0.14720
-0.14884
-0.14349
-0.13193
-0.11676
-0.10000
-0.08409
-0.06990
-0.05816
-0.04826
-0.03963
-0.03118
-0.02213
-0.01198
-0.00050
0.01184
0.02471
0.03714
0.04900
0.05961
0.06962
0.07871
0.08769
0.09542
0.10141
0.10321
0.09982
0.08998
0.07458
0.05482
0.03286
0.01034
-0.01133
-0.03152
-0.05013
-0.06750
-0.08426
-0.10106
-0.11867
-0.13732
-0.15680
-0.17518
-0.18973
-0.19655
-0.19336
-0.17915
-0.15601
-0.12667
-0.09519
-0.06439
-0.03723
-0.01507
0.00097
0.01139
0.01721
0.02052
0.02322
0.02721
0.03350
0.04253
0.05396
0.06700
0.08051
0.09320
0.10391
0.11177
0.11657
0.11861
0.11870
0.11785
0.11688
0.11660
0.11720
0.11894
0.12138
0.12446
0.12755
0.13082
0.13410
0.13805
0.14274
0.14850
0.15456
0.16012
0.16359
0.16414
0.16111
0.15521
0.14738
0.13937
0.13237
0.12751
0.12487
0.12439
0.12512
0.12628
0.12631
0.12418
0.11849
0.10908
0.09584
0.08010
0.06285
0.04597
0.03029
0.01699
0.00582
-0.00299
-0.00999
-0.01473
-0.01705
-0.01638
-0.01283
-0.00685
0.00066
0.00868
0.01647
0.02338
0.02941
0.03457
0.03947
0.04409
0.04840
0.05096
0.05051
0.04510
0.03438
0.01813
-0.00197
-0.02487
-0.04850
-0.07220
-0.09477
-0.11659
-0.13753
-0.15852
-0.17926
-0.19944
-0.21741
-0.23189
-0.24162
-0.24679
-0.24826
-0.24767
-0.24650
-0.24575
-0.24579
-0.24621
-0.24654
-0.24585
-0.24363
-0.23915
-0.23226
-0.22292
-0.21164
-0.19903
-0.18564
-0.17173
-0.15709
-0.14147
-0.12439
-0.10580
-0.08540
-0.06331
-0.03924
-0.01361
0.01317
0.03955
0.06402
0.08458
0.10044
0.11128
0.11847
0.12329
0.12780
0.13258
0.13826
0.14369
0.14837
0.15085
0.15126
0.14914
0.14553
0.14062
0.13565
0.13051
0.12561
0.11985
0.11266
0.10285
0.09015
0.07440
0.05594
0.03511
0.01223
-0.01211
-0.03726
-0.06197
-0.08522
-0.10577
-0.12340
-0.13812
-0.15111
-0.16300
-0.17444
-0.18424
-0.19102
-0.19225
-0.18705
-0.17488
-0.15765
-0.13716
-0.11635
-0.09686
-0.08018
-0.06639
-0.05508
-0.04527
-0.03571
-0.02562
-0.01410
-0.00119
0.01353
0.02959
0.04759
0.06701
0.08813
0.10882
0.12716
0.13894
0.14201
0.13421
0.11716
0.09280
0.06528
0.03736
0.01199
-0.01005
-0.02831
-0.04395
-0.05799
-0.07200
-0.08679
-0.10298
-0.12052
-0.13912
-0.15834
-0.17713
-0.19434
-0.20773
-0.21593
-0.21740
-0.21289
-0.20303
-0.19007
-0.17491
-0.15905
-0.14250
-0.12604
-0.10932
-0.09284
-0.07603
-0.05917
-0.04153
-0.02341
-0.00429
0.01541
0.03588
0.05670
0.07778
0.09876
0.11923
0.13884
0.15711
0.17409
0.18970
0.20457
0.21883
0.23332
0.24806
0.26358
0.27893
0.29296
0.30280
0.30631
0.30140
0.28849
0.26881
0.24543
0.22068
0.19674
0.17393
0.15178
0.12874
0.10337
0.07483
0.04310
0.00955
-0.02405
-0.05526
-0.08264
-0.10524
-0.12388
-0.13961
-0.15452
-0.16943
-0.18472
-0.19842
-0.20839
-0.21153
-0.20678
-0.19383
-0.17502
-0.15294
-0.13154
-0.11356
-0.10156
-0.09586
-0.09588
-0.09957
-0.10470
-0.10933
-0.11190
-0.11179
-0.10812
-0.10069
-0.08870
-0.07259
-0.05250
-0.03016
-0.00642
0.01676
0.03880
0.05760
0.07202
0.07959
0.07970
0.07183
0.05812
0.04048
0.02222
0.00488
-0.00966
-0.02169
-0.03108
-0.03926
-0.04685
-0.05524
-0.06477
-0.07603
-0.08863
-0.10230
-0.11629
-0.13001
-0.14308
-0.15525
-0.16676
-0.17739
-0.18687
-0.19369
-0.19645
-0.19337
-0.18404
-0.16884
-0.14960
-0.12827
-0.10712
-0.08757
-0.07071
-0.05655
-0.04475
-0.03425
-0.02413
-0.01330
-0.00127
0.01217
0.02650
0.04092
0.05443
0.06622
0.07601
0.08383
0.09031
0.09593
0.10148
0.10725
0.11367
0.12069
0.12828
0.13618
0.14415
0.15199
0.15938
0.16585
0.17052
0.17246
0.17074
0.16526
0.15638
0.14544
0.13365
0.12244
0.11242
0.10412
0.09711
0.09116
0.08544
0.07976
0.07381
0.06810
0.06287
0.05879
0.05576
0.05394
0.05269
0.05189
0.05088
0.04969
0.04775
0.04517
0.04143
0.03688
0.03136
0.02555
0.01950
0.01386
0.00847
0.00371
-0.00087
-0.00513
-0.00964
-0.01410
-0.01859
-0.02202
-0.02380
-0.02269
-0.01866
-0.01159
-0.00259
0.00764
0.01783
0.02757
0.03625
0.04409
0.05110
0.05786
0.06452
0.07163
0.07916
0.08748
0.09621
0.10519
0.11329
0.11967
0.12303
0.12310
0.11977
0.11411
0.10690
0.09953
0.09250
0.08699
0.08325
0.08240
0.08435
0.08960
0.09710
0.10644
0.11609
0.12561
0.13395
0.14136
0.14752
0.15310
0.15814
0.16319
0.16837
0.17397
0.18011
0.18677
0.19361
0.19978
0.20416
0.20536
0.20270
0.19595
0.18615
0.17431
0.16158
0.14744
0.13041
0.10789
0.07840
0.04236
0.00283
-0.03568
-0.06893
-0.09431
-0.11170
-0.12269
-0.13010
-0.13660
-0.14468
-0.15558
-0.16964
-0.18552
-0.20098
-0.21297
-0.21916
-0.21824
-0.21072
-0.19813
-0.18278
-0.16675
-0.15187
-0.13932
-0.12999
-0.12419
-0.12183
-0.12223
-0.12438
-0.12706
-0.12929
-0.13034
-0.12991
-0.12813
-0.12542
-0.12248
-0.11936
-0.11554
-0.10882
-0.09702
-0.07774
-0.05097
-0.01816
0.01687
0.05046
0.07908
0.10158
0.11798
0.13038
0.14017
0.14864
0.15463
0.15699
0.15345
0.14395
0.12853
0.10951
0.08839
0.06758
0.04782
0.03013
0.01411
-0.00028
-0.01386
-0.02706
-0.04054
-0.05468
-0.06966
-0.08566
-0.10241
-0.11980
-0.13672
-0.15189
-0.16296
-0.16836
-0.16679
-0.15892
-0.14605
-0.13061
-0.11460
-0.09982
-0.08714
-0.07689
-0.06882
-0.06230
-0.05661
-0.05087
-0.04455
-0.03703
-0.02843
-0.01879
-0.00920
-0.00051
0.00567
0.00876
0.00814
0.00470
-0.00094
-0.00722
-0.01347
-0.01872
-0.02295
-0.02598
-0.02829
-0.03011
-0.03203
-0.03429
-0.03715
-0.04030
-0.04324
-0.04510
-0.04525
-0.04336
-0.03969
-0.03485
-0.02961
-0.02461
-0.02026
-0.01669
-0.01385
-0.01154
-0.00946
-0.00733
-0.00485
-0.00196
0.00137
0.00475
0.00777
0.00971
0.01029
0.00920
0.00681
0.00336
-0.00032
-0.00371
-0.00565
-0.00563
-0.00278
0.00250
0.01014
0.01900
0.02875
0.03870
0.04895
0.05940
0.07017
0.08128
0.09264
0.10426
0.11604
0.12799
0.14002
0.15218
0.16443
0.17709
0.19000
0.20272
0.21295
0.21750
0.21201
0.19401
0.16316
0.12320
0.07965
0.03908
0.00608
-0.01701
-0.03085
-0.03792
-0.04172
-0.04558
-0.05197
-0.06220
-0.07622
-0.09325
-0.11189
-0.13094
-0.14891
-0.16458
-0.17614
-0.18234
-0.18201
-0.17550
-0.16384
-0.14914
-0.13362
-0.11940
-0.10825
-0.10105
-0.09806
-0.09850
-0.10118
-0.10460
-0.10750
-0.10903
-0.10884
-0.10702
-0.10398
-0.10032
-0.09665
-0.09324
-0.09016
-0.08676
-0.08249
-0.07651
-0.06853
-0.05827
-0.04589
-0.03151
-0.01550
0.00168
0.01947
0.03739
0.05511
0.07242
0.08880
0.10335
0.11464
0.12142
0.12301
0.11978
0.11301
0.10454
0.09627
0.08964
0.08551
0.08389
0.08434
0.08583
0.08758
0.08859
0.08856
0.08711
0.08475
0.08181
0.07943
0.07809
0.07871
0.08110
0.08536
0.09061
0.09651
0.10224
0.10765
0.11247
0.11672
0.12022
0.12262
0.12346
0.12235
0.11922
0.11448
0.10868
0.10252
0.09614
0.08936
0.08139
0.07150
0.05909
0.04421
0.02728
0.00911
-0.00963
-0.02810
-0.04551
-0.06044
-0.07150
-0.07718
-0.07708
-0.07159
-0.06260
-0.05222
-0.04292
-0.03626
-0.03321
-0.03344
-0.03623
-0.04016
-0.04413
-0.04702
-0.04844
-0.04812
-0.04643
-0.04371
-0.04064
-0.03764
-0.03518
-0.03338
-0.03230
-0.03175
-0.03164
-0.03165
-0.03179
-0.03162
-0.03094
-0.02889
-0.02494
-0.01837
-0.00923
0.00216
0.01496
0.02832
0.04153
0.05420
0.06624
0.07777
0.08907
0.10043
0.11222
0.12428
0.13598
0.14569
0.15173
0.15242
0.14743
0.13726
0.12372
0.10856
0.09369
0.08015
0.06858
0.05878
0.05033
0.04246
0.03448
0.02589
0.01633
0.00577
-0.00583
-0.01793
-0.03009
-0.04098
-0.04988
-0.05555
-0.05821
-0.05780
-0.05570
-0.05252
-0.04964
-0.04738
-0.04636
-0.04621
-0.04643
-0.04590
-0.04340
-0.03808
-0.02943
-0.01794
-0.00426
0.01036
0.02514
0.03922
0.05252
0.06488
0.07631
0.08578
0.09155
0.09113
0.08261
0.06540
0.04080
0.01162
-0.01874
-0.04717
-0.07157
-0.09076
-0.10403
-0.11082
-0.11058
-0.10339
-0.09019
-0.07292
-0.05391
-0.03532
-0.01861
-0.00438
0.00756
0.01803
0.02808
0.03840
0.04885
0.05804
0.06420
0.06524
0.06066
0.05043
0.03649
0.02026
0.00403
-0.01130
-0.02459
-0.03600
-0.04560
-0.05415
-0.06234
-0.07086
-0.08031
-0.09074
-0.10235
-0.11467
-0.12780
-0.14095
-0.15363
-0.16370
-0.16922
-0.16739
-0.15712
-0.13830
-0.11296
-0.08376
-0.05364
-0.02483
0.00144
0.02471
0.04567
0.06515
0.08463
0.10440
0.12416
0.14145
0.15375
0.15810
0.15376
0.14117
0.12299
0.10183
0.08061
0.06069
0.04288
0.02664
0.01121
-0.00453
-0.02149
-0.03977
-0.05876
-0.07610
-0.08947
-0.09587
-0.09460
-0.08547
-0.07106
-0.05324
-0.03540
-0.01855
-0.00457
0.00725
0.01675
0.02567
0.03468
0.04529
0.05790
0.07289
0.08988
0.10830
0.12748
0.14663
0.16543
0.18321
0.20031
0.21635
0.23186
0.24551
0.25608
0.26012
0.25562
0.24042
0.21579
0.18337
0.14727
0.11011
0.07502
0.04282
0.01418
-0.01184
-0.03618
-0.06024
-0.08523
-0.11179
-0.14053
-0.17082
-0.20234
-0.23333
-0.26334
-0.29088
-0.31643
-0.33834
-0.35581
-0.36465
-0.36265
-0.34658
-0.31802
-0.27878
-0.23418
-0.18776
-0.14371
-0.10337
-0.06763
-0.03536
-0.00522
0.02466
0.05580
0.08913
0.12526
0.16369
0.20437
0.24618
0.28892
0.33001
0.36696
0.39400
0.40742
0.40338
0.38337
0.35009
0.30978
0.26738
0.22777
0.19308
0.16420
0.14003
0.11876
0.09817
0.07626
0.05182
0.02405
-0.00685
-0.04053
-0.07499
-0.10776
-0.13460
-0.15238
-0.15838
-0.15329
-0.13889
-0.11931
-0.09800
-0.07832
-0.06184
-0.04911
-0.03971
-0.03309
-0.02932
-0.02883
-0.03241
-0.04011
-0.05155
-0.06526
-0.08009
-0.09436
-0.10774
-0.11933
-0.12999
-0.13960
-0.14962
-0.15969
-0.17026
-0.17963
-0.18690
-0.19012
-0.18915
-0.18392
-0.17635
-0.16812
-0.16175
-0.15849
-0.15929
-0.16360
-0.17053
-0.17852
-0.18641
-0.19314
-0.19831
-0.20159
-0.20305
-0.20255
-0.20033
-0.19653
-0.19174
-0.18609
-0.17955
-0.17111
-0.15967
-0.14403
-0.12399
-0.09999
-0.07337
-0.04560
-0.01838
0.00678
0.02850
0.04603
0.05935
0.06927
0.07694
0.08328
0.08887
0.09377
0.09805
0.10167
0.10490
0.10775
0.11046
0.11294
0.11559
0.11855
0.12264
0.12792
0.13510
0.14392
0.15501
0.16797
0.18305
0.19900
0.21483
0.22865
0.23952
0.24676
0.25091
0.25284
0.25392
0.25526
0.25774
0.26178
0.26729
0.27353
0.27864
0.28001
0.27461
0.26034
0.23676
0.20536
0.16908
0.13096
0.09378
0.05889
0.02730
-0.00127
-0.02651
-0.04899
-0.06851
-0.08599
-0.10180
-0.11691
-0.13090
-0.14287
-0.15077
-0.15316
-0.14936
-0.14026
-0.12743
-0.11293
-0.09834
-0.08482
-0.07276
-0.06220
-0.05321
-0.04643
-0.04336
-0.04562
-0.05447
-0.06966
-0.08997
-0.11308
-0.13709
-0.16014
-0.18138
-0.19939
-0.21288
-0.21955
-0.21793
-0.20705
-0.18812
-0.16346
-0.13644
-0.11021
-0.08699
-0.06801
-0.05308
-0.04160
-0.03232
-0.02465
-0.01800
-0.01250
-0.00802
-0.00455
-0.00177
0.00070
0.00354
0.00781
0.01479
0.02558
0.04059
0.05901
0.07939
0.09957
0.11784
0.13263
0.14329
0.14977
0.15276
0.15356
0.15341
0.15376
0.15537
0.15933
0.16612
0.17668
0.19105
0.20934
0.22974
0.24968
0.26421
0.26894
0.25980
0.23626
0.20000
0.15554
0.10764
0.06072
0.01760
-0.02044
-0.05327
-0.08142
-0.10546
-0.12604
-0.14390
-0.16015
-0.17607
-0.19266
-0.21001
-0.22679
-0.24053
-0.24861
-0.24918
-0.24213
-0.22876
-0.21133
-0.19230
-0.17345
-0.15658
-0.14245
-0.13274
-0.12787
-0.12923
-0.13590
-0.14760
-0.16159
-0.17675
-0.19042
-0.20253
-0.21172
-0.21925
-0.22473
-0.23005
-0.23500
-0.24130
-0.24836
-0.25697
-0.26598
-0.27522
-0.28361
-0.29097
-0.29711
-0.30211
-0.30612
-0.30872
-0.30979
-0.30854
-0.30529
-0.29992
-0.29360
-0.28615
-0.27733
-0.26471
-0.24579
-0.21798
-0.18037
-0.13411
-0.08160
-0.02639
0.02902
0.08214
0.13255
0.17962
0.22499
0.26929
0.31464
0.35944
0.40127
0.43276
0.44828
0.44214
0.41522
0.37051
0.31572
0.25712
0.20133
0.15120
0.10838
0.07145
0.03836
0.00622
-0.02733
-0.06328
-0.10181
-0.14114
-0.17993
-0.21485
-0.24382
-0.26252
-0.26931
-0.26192
-0.24268
-0.21376
-0.18037
-0.14585
-0.11389
-0.08568
-0.06171
-0.04088
-0.02166
-0.00250
0.01822
0.04110
0.06691
0.09389
0.12007
0.14023
0.15113
0.14871
0.13400
0.10808
0.07632
0.04175
0.00918
-0.02035
-0.04505
-0.06640
-0.08509
-0.10424
-0.12593
-0.15331
-0.18694
-0.22622
-0.26720
-0.30554
-0.33677
-0.35893
-0.37200
-0.37765
-0.37775
-0.37373
-0.36650
-0.35682
-0.34548
-0.33342
-0.32134
-0.30966
-0.29847
-0.28752
-0.27653
-0.26504
-0.25291
-0.23995
-0.22647
-0.21273
-0.19934
-0.18665
-0.17496
-0.16381
-0.15229
-0.13855
-0.12089
-0.09780
-0.06913
-0.03568
0.00074
0.03829
0.07527
0.11079
0.14437
0.17631
0.20702
0.23747
0.26855
0.30125
0.33562
0.37044
0.40273
0.42864
0.44479
0.44978
0.44464
0.43236
0.41658
0.40082
0.38730
0.37723
0.36992
0.36411
0.35730
0.34805
0.33482
0.31804
0.29775
0.27553
0.25187
0.22879
0.20696
0.18866
0.17406
0.16456
0.15874
0.15654
0.15545
0.15495
0.15280
0.14903
0.14236
0.13357
0.12224
0.10977
0.09624
0.08326
0.07101
0.06089
0.05287
0.04769
0.04467
0.04359
0.04321
0.04303
0.04205
0.04028
0.03728
0.03348
0.02866
0.02331
0.01722
0.01094
0.00437
-0.00194
-0.00814
-0.01390
-0.01932
-0.02382
-0.02688
-0.02766
-0.02578
-0.02126
-0.01474
-0.00706
0.00083
0.00810
0.01418
0.01862
0.02138
0.02235
0.02187
0.01998
0.01721
0.01369
0.01010
0.00655
0.00365
0.00100
-0.00139
-0.00464
-0.00903
-0.01558
-0.02398
-0.03444
-0.04598
-0.05830
-0.07044
-0.08226
-0.09331
-0.10378
-0.11360
-0.12306
-0.13226
-0.14150
-0.15093
-0.16074
-0.17082
-0.18067
-0.18927
-0.19531
-0.19767
-0.19587
-0.19025
-0.18172
-0.17127
-0.15968
-0.14725
-0.13415
-0.12038
-0.10617
-0.09157
-0.07687
-0.06205
-0.04749
-0.03344
-0.02069
-0.00977
-0.00141
0.00437
0.00757
0.00909
0.00945
0.00983
0.01042
0.01198
0.01404
0.01696
0.02016
0.02411
0.02852
0.03393
0.04001
0.04710
0.05461
0.06227
0.06864
0.07230
0.07122
0.06436
0.05144
0.03372
0.01307
-0.00800
-0.02738
-0.04341
-0.05538
-0.06353
-0.06882
-0.07262
-0.07591
-0.07932
-0.08260
-0.08552
-0.08754
-0.08878
-0.08912
-0.08902
-0.08822
-0.08661
-0.08316
-0.07712
-0.06761
-0.05481
-0.03949
-0.02319
-0.00754
0.00620
0.01728
0.02584
0.03239
0.03795
0.04333
0.04901
0.05469
0.05962
0.06269
0.06319
0.06083
0.05607
0.04967
0.04264
0.03571
0.02936
0.02385
0.01939
0.01649
0.01563
0.01738
0.02163
0.02800
0.03533
0.04264
0.04876
0.05327
0.05595
0.05734
0.05785
0.05835
0.05915
0.06084
0.06335
0.06682
0.07058
0.07423
0.07671
0.07755
0.07605
0.07245
0.06690
0.06029
0.05311
0.04626
0.04006
0.03551
0.03303
0.03367
0.03729
0.04402
0.05260
0.06241
0.07207
0.08116
0.08879
0.09493
0.09912
0.10174
0.10279
0.10309
0.10308
0.10376
0.10571
0.10974
0.11602
0.12437
0.13359
0.14190
0.14723
0.14810
0.14398
0.13561
0.12432
0.11193
0.09962
0.08827
0.07759
0.06737
0.05686
0.04623
0.03550
0.02538
0.01588
0.00726
-0.00088
-0.00816
-0.01433
-0.01802
-0.01855
-0.01490
-0.00779
0.00206
0.01242
0.02194
0.02881
0.03293
0.03413
0.03371
0.03233
0.03141
0.03123
0.03255
0.03497
0.03857
0.04257
0.04690
0.05109
0.05547
0.06008
0.06541
0.07149
0.07851
0.08610
0.09415
0.10216
0.11019
0.11799
0.12572
0.13298
0.13946
0.14429
0.14683
0.14648
0.14328
0.13781
0.13103
0.12396
0.11726
0.11131
0.10603
0.10125
0.09653
0.09155
0.08596
0.07975
0.07294
0.06568
0.05787
0.04919
0.03922
0.02761
0.01447
0.00006
-0.01498
-0.03031
-0.04537
-0.05996
-0.07338
-0.08532
-0.09519
-0.10325
-0.10958
-0.11491
-0.11925
-0.12276
-0.12478
-0.12516
-0.12340
-0.11987
-0.11457
-0.10797
-0.09980
-0.09012
-0.07858
-0.06537
-0.05076
-0.03547
-0.02039
-0.00640
0.00567
0.01561
0.02341
0.02980
0.03529
0.04089
0.04699
0.05420
0.06205
0.07007
0.07666
0.08072
0.08085
0.07706
0.06951
0.05975
0.04882
0.03834
0.02887
0.02123
0.01519
0.01070
0.00693
0.00343
-0.00055
-0.00518
-0.01078
-0.01733
-0.02483
-0.03306
-0.04176
-0.05073
-0.05969
-0.06861
-0.07716
-0.08543
-0.09316
-0.10051
-0.10710
-0.11292
-0.11745
-0.12059
-0.12170
-0.12046
-0.11609
-0.10856
-0.09807
-0.08560
-0.07211
-0.05844
-0.04499
-0.03177
-0.01877
-0.00574
0.00730
0.02073
0.03453
0.04908
0.06384
0.07831
0.09062
0.09930
0.10228
0.09932
0.09044
0.07766
0.06257
0.04750
0.03356
0.02178
0.01194
0.00374
-0.00380
-0.01135
-0.01961
-0.02885
-0.03923
-0.05077
-0.06323
-0.07615
-0.08831
-0.09823
-0.10400
-0.10455
-0.09937
-0.08951
-0.07643
-0.06245
-0.04947
-0.03913
-0.03206
-0.02815
-0.02654
-0.02612
-0.02575
-0.02456
-0.02200
-0.01800
-0.01293
-0.00747
-0.00246
0.00157
0.00426
0.00575
0.00621
0.00611
0.00579
0.00570
0.00601
0.00682
0.00793
0.00927
0.01082
0.01285
0.01553
0.01903
0.02324
0.02805
0.03324
0.03865
0.04406
0.04897
0.05287
0.05489
0.05457
0.05143
0.04585
0.03830
0.02991
0.02136
0.01349
0.00629
0.00021
-0.00465
-0.00726
-0.00705
-0.00323
0.00389
0.01379
0.02514
0.03692
0.04800
0.05801
0.06671
0.07450
0.08169
0.08889
0.09647
0.10463
0.11288
0.12000
0.12448
0.12485
0.12080
0.11261
0.10173
0.08936
0.07706
0.06549
0.05542
0.04660
0.03883
0.03118
0.02303
0.01355
0.00248
-0.01026
-0.02425
-0.03904
-0.05408
-0.06884
-0.08282
-0.09539
-0.10629
-0.11524
-0.12252
-0.12816
-0.13238
-0.13503
-0.13618
-0.13579
-0.13418
-0.13171
-0.12897
-0.12636
-0.12405
-0.12170
-0.11865
-0.11411
-0.10746
-0.09854
-0.08763
-0.07563
-0.06361
-0.05287
-0.04418
-0.03804
-0.03407
-0.03183
-0.03027
-0.02873
-0.02628
-0.02265
-0.01749
-0.01121
-0.00405
0.00326
0.01046
0.01713
0.02336
0.02897
0.03405
0.03828
0.04154
0.04351
0.04407
0.04331
0.04154
0.03933
0.03707
0.03516
0.03363
0.03261
0.03187
0.03142
0.03083
0.03016
0.02923
0.02862
0.02862
0.03004
0.03297
0.03772
0.04366
0.05051
0.05737
0.06407
0.07018
0.07588
0.08107
0.08600
0.09075
0.09563
0.10082
0.10634
0.11189
0.11673
0.12007
0.12109
0.11949
0.11537
0.10949
0.10267
0.09582
0.08922
0.08262
0.07492
0.06490
0.05162
0.03510
0.01653
-0.00222
-0.01902
-0.03255
-0.04220
-0.04855
-0.05254
-0.05569
-0.05910
-0.06369
-0.06927
-0.07523
-0.08026
-0.08332
-0.08370
-0.08138
-0.07683
-0.07085
-0.06436
-0.05809
-0.05246
-0.04754
-0.04336
-0.03991
-0.03758
-0.03671
-0.03772
-0.04053
-0.04490
-0.05018
-0.05582
-0.06125
-0.06626
-0.07069
-0.07458
-0.07755
-0.07916
-0.07851
-0.07515
-0.06880
-0.06006
-0.04966
-0.03870
-0.02789
-0.01791
-0.00885
-0.00070
0.00701
0.01443
0.02164
0.02794
0.03262
0.03463
0.03366
0.02970
0.02361
0.01626
0.00882
0.00187
-0.00407
-0.00914
-0.01344
-0.01746
-0.02149
-0.02572
-0.02990
-0.03337
-0.03541
-0.03538
-0.03325
-0.02924
-0.02405
-0.01825
-0.01258
-0.00735
-0.00289
0.00102
0.00447
0.00787
0.01132
0.01510
0.01912
0.02333
0.02730
0.03072
0.03317
0.03464
0.03520
0.03521
0.03497
0.03472
0.03469
0.03491
0.03545
0.03629
0.03754
0.03926
0.04155
0.04437
0.04765
0.05122
0.05499
0.05871
0.06204
0.06423
0.06450
0.06204
0.05657
0.04824
0.03788
0.02652
0.01539
0.00539
-0.00284
-0.00917
-0.01382
-0.01734
-0.02036
-0.02355
-0.02738
-0.03211
-0.03777
-0.04414
-0.05092
-0.05753
-0.06337
-0.06766
-0.06988
-0.06976
-0.06754
-0.06383
-0.05941
-0.05503
-0.05115
-0.04805
-0.04564
-0.04380
-0.04216
-0.04059
-0.03886
-0.03723
-0.03586
-0.03527
-0.03558
-0.03701
-0.03925
-0.04216
-0.04520
-0.04809
-0.05027
-0.05144
-0.05125
-0.04982
-0.04735
-0.04438
-0.04133
-0.03861
-0.03633
-0.03455
-0.03315
-0.03199
-0.03090
-0.02958
-0.02771
-0.02474
-0.02038
-0.01436
-0.00718
0.00061
0.00785
0.01393
0.01823
0.02100
0.02239
0.02318
0.02374
0.02497
0.02729
0.03161
0.03817
0.04730
0.05849
0.07121
0.08444
0.09753
0.10975
0.12083
0.13044
0.13872
0.14582
0.15227
0.15833
0.16393
0.16840
0.17076
0.17017
0.16633
0.15971
0.15117
0.14186
0.13268
0.12420
0.11642
0.10888
0.10089
0.09162
0.08069
0.06789
0.05360
0.03820
0.02249
0.00703
-0.00726
-0.01985
-0.03005
-0.03780
-0.04298
-0.04606
-0.04740
-0.04774
-0.04766
-0.04781
-0.04852
-0.04995
-0.05194
-0.05428
-0.05666
-0.05905
-0.06151
-0.06439
-0.06796
-0.07239
-0.07763
-0.08345
-0.08963
-0.09590
-0.10205
-0.10758
-0.11182
-0.11398
-0.11340
-0.10990
-0.10381
-0.09600
-0.08741
-0.07893
-0.07095
-0.06356
-0.05642
-0.04919
-0.04139
-0.03288
-0.02357
-0.01363
-0.00311
0.00791
0.01934
0.03092
0.04196
0.05180
0.05975
0.06573
0.06990
0.07298
0.07555
0.07834
0.08169
0.08584
0.09050
0.09508
0.09873
0.10062
0.10024
0.09748
0.09280
0.08683
0.08045
0.07425
0.06875
0.06396
0.05987
0.05613
0.05269
0.04935
0.04643
0.04409
0.04275
0.04236
0.04295
0.04406
0.04550
0.04672
0.04747
0.04714
0.04550
0.04218
0.03747
0.03160
0.02525
0.01880
0.01276
0.00725
0.00237
-0.00210
-0.00625
-0.01016
-0.01365
-0.01640
-0.01814
-0.01872
-0.01831
-0.01717
-0.01577
-0.01438
-0.01330
-0.01251
-0.01210
-0.01196
-0.01231
-0.01328
-0.01532
-0.01849
-0.02290
-0.02813
-0.03394
-0.03977
-0.04550
-0.05075
-0.05564
-0.06005
-0.06435
-0.06857
-0.07304
-0.07769
-0.08269
-0.08783
-0.09297
-0.09744
-0.10068
-0.10185
-0.10085
-0.09768
-0.09312
-0.08771
-0.08237
-0.07735
-0.07317
-0.06958
-0.06670
-0.06392
-0.06123
-0.05823
-0.05538
-0.05287
-0.05161
-0.05183
-0.05396
-0.05753
-0.06229
-0.06739
-0.07252
-0.07715
-0.08132
-0.08493
-0.08828
-0.09141
-0.09422
-0.09617
-0.09643
-0.09432
-0.08936
-0.08191
-0.07251
-0.06220
-0.05165
-0.04147
-0.03172
-0.02237
-0.01312
-0.00371
0.00605
0.01631
0.02702
0.03820
0.04962
0.06131
0.07306
0.08499
0.09667
0.10760
0.11640
0.12183
0.12259
0.11851
0.11016
0.09903
0.08672
0.07466
0.06382
0.05455
0.04684
0.04013
0.03387
0.02729
0.02018
0.01254
0.00535
-0.00046
-0.00351
-0.00342
0.00005
0.00589
0.01336
0.02106
0.02845
0.03465
0.03962
0.04294
0.04490
0.04551
0.04539
0.04490
0.04468
0.04491
0.04572
0.04680
0.04780
0.04827
0.04792
0.04673
0.04480
0.04243
0.03981
0.03718
0.03455
0.03196
0.02921
0.02621
0.02276
0.01892
0.01467
0.01023
0.00563
0.00109
-0.00344
-0.00779
-0.01211
-0.01632
-0.02059
-0.02496
-0.02973
-0.03499
-0.04092
-0.04741
-0.05435
-0.06151
-0.06871
-0.07584
-0.08282
-0.08961
-0.09601
-0.10170
-0.10616
-0.10900
-0.11007
-0.10961
-0.10801
-0.10556
-0.10225
-0.09776
-0.09168
-0.08378
-0.07417
-0.06320
-0.05144
-0.03941
-0.02767
-0.01678
-0.00745
-0.00023
0.00449
0.00693
0.00762
0.00746
0.00717
0.00747
0.00855
0.01059
0.01326
0.01647
0.01985
0.02346
0.02707
0.03080
0.03443
0.03805
0.04152
0.04497
0.04836
0.05162
0.05437
0.05605
0.05613
0.05422
0.05037
0.04496
0.03864
0.03206
0.02575
0.02002
0.01499
0.01076
0.00748
0.00528
0.00422
0.00416
0.00484
0.00582
0.00678
0.00740
0.00759
0.00722
0.00628
0.00467
0.00245
-0.00035
-0.00351
-0.00684
-0.01009
-0.01308
-0.01576
-0.01804
-0.01993
-0.02135
-0.02239
-0.02305
-0.02357
-0.02396
-0.02445
-0.02502
-0.02592
-0.02709
-0.02872
-0.03059
-0.03281
-0.03510
-0.03757
-0.03993
-0.04231
-0.04443
-0.04652
-0.04843
-0.05042
-0.05234
-0.05438
-0.05643
-0.05880
-0.06160
-0.06512
-0.06940
-0.07445
-0.08010
-0.08615
-0.09221
-0.09771
-0.10187
-0.10394
-0.10340
-0.10034
-0.09526
-0.08898
-0.08206
-0.07485
-0.06723
-0.05905
-0.05006
-0.04025
-0.02975
-0.01905
-0.00883
-0.00004
0.00665
0.01074
0.01252
0.01247
0.01162
0.01060
0.01020
0.01055
0.01197
0.01415
0.01713
0.02044
0.02405
0.02748
0.03071
0.03319
0.03470
0.03464
0.03294
0.02948
0.02477
0.01922
0.01355
0.00813
0.00332
-0.00088
-0.00455
-0.00797
-0.01137
-0.01502
-0.01907
-0.02361
-0.02863
-0.03399
-0.03959
-0.04523
-0.05087
-0.05623
-0.06106
-0.06461
-0.06630
-0.06538
-0.06176
-0.05564
-0.04787
-0.03927
-0.03078
-0.02296
-0.01623
-0.01075
-0.00653
-0.00338
-0.00096
0.00118
0.00347
0.00617
0.00946
0.01320
0.01734
0.02163
0.02600
0.03008
0.03362
0.03609
0.03727
0.03688
0.03513
0.03226
0.02884
0.02529
0.02207
0.01937
0.01723
0.01557
0.01425
0.01317
0.01223
0.01138
0.01052
0.00963
0.00861
0.00750
0.00627
0.00508
0.00399
0.00321
0.00275
0.00274
0.00305
0.00365
0.00436
0.00511
0.00575
0.00629
0.00672
0.00706
0.00731
0.00744
0.00742
0.00719
0.00680
0.00623
0.00560
0.00492
0.00432
0.00375
0.00329
0.00282
0.00240
0.00183
0.00103
-0.00027
-0.00215
-0.00471
-0.00783
-0.01139
-0.01511
-0.01882
-0.02232
-0.02559
-0.02863
-0.03152
-0.03435
-0.03721
-0.04016
-0.04313
-0.04590
-0.04810
-0.04936
-0.04940
-0.04825
-0.04606
-0.04324
-0.04007
-0.03688
-0.03370
-0.03059
-0.02742
-0.02416
-0.02081
-0.01732
-0.01372
-0.00997
-0.00614
-0.00219
0.00179
0.00586
0.00993
0.01405
0.01811
0.02224
0.02627
0.03008
0.03305
0.03473
0.03457
0.03258
0.02892
0.02420
0.01896
0.01385
0.00918
0.00515
0.00170
-0.00122
-0.00370
-0.00574
-0.00738
-0.00872
-0.00987
-0.01100
-0.01221
-0.01367
-0.01532
-0.01709
-0.01867
-0.01988
-0.02042
-0.02032
-0.01956
-0.01836
-0.01688
-0.01535
-0.01383
-0.01235
-0.01083
-0.00920
-0.00746
-0.00559
-0.00366
-0.00164
0.00042
0.00255
0.00471
0.00688
0.00894
0.01073
0.01201
0.01263
0.01245
0.01157
0.01014
0.00845
0.00673
0.00516
0.00384
0.00279
0.00196
0.00135
0.00098
0.00094
0.00126
0.00190
0.00275
0.00369
0.00462
0.00548
0.00620
0.00679
0.00727
0.00770
0.00813
0.00863
0.00920
0.00984
0.01040
0.01072
0.01051
0.00964
0.00802
0.00584
0.00329
0.00063
-0.00197
-0.00440
-0.00664
-0.00872
-0.01068
-0.01258
-0.01447
-0.01641
-0.01837
-0.02030
-0.02198
-0.02328
-0.02397
-0.02404
-0.02347
-0.02248
-0.02120
-0.01978
-0.01812
-0.01606
-0.01338
-0.01002
-0.00602
-0.00164
0.00297
0.00757
0.01211
0.01638
0.02024
0.02331
0.02536
0.02616
0.02582
0.02451
0.02267
0.02065
0.01888
0.01770
0.01745
0.01843
0.02079
0.02450
0.02928
0.03470
0.04028
0.04565
0.05061
0.05496
0.05846
0.06063
0.06104
0.05933
0.05563
0.05035
0.04420
0.03786
0.03187
0.02654
0.02204
0.01841
0.01566
0.01375
0.01254
0.01184
0.01135
0.01080
0.00996
0.00876
0.00719
0.00530
0.00323
0.00107
-0.00096
-0.00285
-0.00448
-0.00603
-0.00760
-0.00952
-0.01195
-0.01509
-0.01886
-0.02318
-0.02780
-0.03249
-0.03686
-0.04049
-0.04281
-0.04338
-0.04193
-0.03865
-0.03399
-0.02864
-0.02322
-0.01823
-0.01388
-0.01021
-0.00704
-0.00417
-0.00144
0.00115
0.00350
0.00543
0.00689
0.00787
0.00846
0.00878
0.00900
0.00925
0.00960
0.01007
0.01061
0.01117
0.01170
0.01215
0.01253
0.01287
0.01334
0.01418
0.01577
0.01828
0.02182
0.02610
0.03070
0.03494
0.03825
0.04010
0.04043
0.03933
0.03731
0.03482
0.03245
0.03046
0.02911
0.02827
0.02794
0.02780
0.02777
0.02753
0.02709
0.02628
0.02534
0.02443
0.02403
0.02432
0.02564
0.02783
0.03082
0.03413
0.03760
0.04082
0.04384
0.04647
0.04883
0.05072
0.05207
0.05256
0.05215
0.05076
0.04871
0.04622
0.04372
0.04135
0.03934
0.03765
0.03632
0.03523
0.03440
0.03375
0.03328
0.03286
0.03243
0.03187
0.03120
0.03042
0.02960
0.02873
0.02787
0.02706
0.02628
0.02542
0.02419
0.02227
0.01934
0.01534
0.01036
0.00481
-0.00099
-0.00665
-0.01204
-0.01708
-0.02181
-0.02623
-0.03039
-0.03431
-0.03805
-0.04164
-0.04511
-0.04852
-0.05197
-0.05555
-0.05924
-0.06286
-0.06604
-0.06833
-0.06923
-0.06853
-0.06623
-0.06273
-0.05855
-0.05427
-0.05028
-0.04680
-0.04383
-0.04128
-0.03898
-0.03671
-0.03430
-0.03161
-0.02861
-0.02523
-0.02141
-0.01703
-0.01205
-0.00648
-0.00047
0.00580
0.01212
0.01821
0.02373
0.02829
0.03167
0.03375
0.03481
0.03515
0.03528
0.03547
0.03607
0.03707
0.03851
0.04024
0.04232
0.04474
0.04765
0.05105
0.05496
0.05919
0.06366
0.06813
0.07258
0.07686
0.08099
0.08468
0.08766
0.08930
0.08921
0.08712
0.08329
0.07821
0.07259
0.06698
0.06182
0.05727
0.05336
0.04989
0.04665
0.04335
0.03979
0.03583
0.03147
0.02671
0.02168
0.01650
0.01131
0.00618
0.00119
-0.00367
-0.00836
-0.01285
-0.01713
-0.02113
-0.02491
-0.02845
-0.03189
-0.03524
-0.03867
-0.04215
-0.04577
-0.04945
-0.05322
-0.05700
-0.06083
-0.06459
-0.06832
-0.07196
-0.07561
-0.07917
-0.08265
-0.08575
-0.08823
-0.08976
-0.09030
-0.08990
-0.08882
-0.08723
-0.08519
-0.08265
-0.07958
-0.07601
-0.07203
-0.06780
-0.06345
-0.05912
-0.05487
-0.05074
-0.04670
-0.04265
-0.03842
-0.03373
-0.02825
-0.02171
-0.01407
-0.00547
0.00375
0.01328
0.02279
0.03203
0.04071
0.04857
0.05530
0.06078
0.06507
0.06847
0.07134
0.07397
0.07639
0.07847
0.07994
0.08068
0.08068
0.08011
0.07917
0.07810
0.07702
0.07600
0.07499
0.07385
0.07236
0.07025
0.06741
0.06384
0.05977
0.05538
0.05095
0.04658
0.04244
0.03848
0.03471
0.03085
0.02681
0.02233
0.01744
0.01210
0.00650
0.00073
-0.00492
-0.01033
-0.01527
-0.01978
-0.02378
-0.02738
-0.03048
-0.03301
-0.03480
-0.03582
-0.03615
-0.03598
-0.03556
-0.03515
-0.03491
-0.03489
-0.03509
-0.03540
-0.03575
-0.03607
-0.03639
-0.03678
-0.03745
-0.03856
-0.04024
-0.04238
-0.04477
-0.04693
-0.04842
-0.04879
-0.04792
-0.04588
-0.04307
-0.03995
-0.03691
-0.03420
-0.03188
-0.02982
-0.02774
-0.02538
-0.02249
-0.01904
-0.01505
-0.01073
-0.00619
-0.00163
0.00289
0.00728
0.01151
0.01560
0.01958
0.02357
0.02757
0.03167
0.03580
0.04003
0.04435
0.04881
0.05330
0.05757
0.06109
0.06328
0.06359
0.06183
0.05817
0.05315
0.04749
0.04179
0.03656
0.03196
0.02803
0.02455
0.02135
0.01824
0.01533
0.01272
0.01080
0.00963
0.00932
0.00957
0.01022
0.01089
0.01152
0.01187
0.01206
0.01199
0.01189
0.01176
0.01180
0.01193
0.01217
0.01232
0.01226
0.01181
0.01095
0.00966
0.00806
0.00633
0.00473
0.00345
0.00262
0.00222
0.00218
0.00235
0.00260
0.00280
0.00287
0.00278
0.00251
0.00218
0.00178
0.00144
0.00112
0.00090
0.00073
0.00067
0.00066
0.00065
0.00042
-0.00028
-0.00172
-0.00403
-0.00719
-0.01103
-0.01527
-0.01963
-0.02386
-0.02787
-0.03157
-0.03499
-0.03795
-0.04020
-0.04124
-0.04077
-0.03862
-0.03510
-0.03065
-0.02590
-0.02125
-0.01705
-0.01335
-0.01017
-0.00733
-0.00467
-0.00192
0.00106
0.00439
0.00805
0.01196
0.01600
0.01998
0.02365
0.02666
0.02877
0.02981
0.02992
0.02932
0.02841
0.02751
0.02687
0.02655
0.02657
0.02684
0.02724
0.02756
0.02781
0.02801
0.02810
0.02785
0.02727
0.02656
0.02572
0.02430
0.02195
0.01890
0.01564
0.01251
0.00946
0.00654
0.00379
0.00126
-0.00123
-0.00372
-0.00624
-0.00869
-0.01098
-0.01285
-0.01408
-0.01455
-0.01433
-0.01364
-0.01273
-0.01183
-0.01108
-0.01056
-0.01025
-0.01012
-0.01009
-0.01019
-0.01041
-0.01087
-0.01158
-0.01262
-0.01389
-0.01534
-0.01682
-0.01828
-0.01961
-0.02088
-0.02204
-0.02320
-0.02432
-0.02551
-0.02675
-0.02808
-0.02935
-0.03044
-0.03111
-0.03128
-0.03085
-0.03001
-0.02885
-0.02762
-0.02639
-0.02533
-0.02437
-0.02363
-0.02294
-0.02237
-0.02180
-0.02141
-0.02121
-0.02141
-0.02198
-0.02295
-0.02413
-0.02548
-0.02677
-0.02806
-0.02922
-0.03034
-0.03136
-0.03242
-0.03345
-0.03450
-0.03533
-0.03587
-0.03582
-0.03517
-0.03383
-0.03206
-0.02997
-0.02786
-0.02581
-0.02400
-0.02232
-0.02086
-0.01946
-0.01827
-0.01726
-0.01675
-0.01675
-0.01750
-0.01880
-0.02059
-0.02248
-0.02439
-0.02607
-0.02759
-0.02886
-0.03004
-0.03111
-0.03226
-0.03347
-0.03486
-0.03637
-0.03798
-0.03947
-0.04060
-0.04101
-0.04044
-0.03881
-0.03623
-0.03301
-0.02952
-0.02607
-0.02289
-0.02006
-0.01757
-0.01534
-0.01327
-0.01123
-0.00912
-0.00688
-0.00448
-0.00193
0.00074
0.00342
0.00602
0.00840
0.01051
0.01234
0.01397
0.01543
0.01685
0.01825
0.01976
0.02131
0.02300
0.02472
0.02654
0.02837
0.03038
0.03251
0.03497
0.03762
0.04059
0.04364
0.04681
0.04985
0.05288
0.05573
0.05858
0.06125
0.06392
0.06631
0.06861
0.07060
0.07250
0.07413
0.07568
0.07688
0.07793
0.07858
0.07909
0.07930
0.07952
0.07960
0.07983
0.07999
0.08031
0.08055
0.08084
0.08085
0.08067
0.08002
0.07912
0.07784
0.07651
0.07501
0.07366
0.07232
0.07122
0.07013
0.06923
0.06826
0.06737
0.06635
0.06534
0.06406
0.06256
0.06047
0.05788
0.05458
0.05092
0.04689
0.04290
0.03891
0.03521
0.03164
0.02846
0.02558
0.02330
0.02155
0.02050
0.01991
0.01973
0.01962
0.01953
0.01919
0.01871
0.01798
0.01718
0.01627
0.01543
0.01456
0.01370
0.01273
0.01168
0.01050
0.00925
0.00795
0.00664
0.00534
0.00407
0.00284
0.00164
0.00046
-0.00072
-0.00190
-0.00310
-0.00437
-0.00579
-0.00747
-0.00949
-0.01186
-0.01450
-0.01719
-0.01966
-0.02163
-0.02298
-0.02368
-0.02387
-0.02371
-0.02344
-0.02318
-0.02308
-0.02311
-0.02327
-0.02344
-0.02357
-0.02359
-0.02353
-0.02334
-0.02309
-0.02275
-0.02242
-0.02204
-0.02173
-0.02140
-0.02116
-0.02090
-0.02072
-0.02050
-0.02033
-0.02009
-0.01989
-0.01963
-0.01951
-0.01949
-0.01979
-0.02032
-0.02121
-0.02226
-0.02351
-0.02472
-0.02595
-0.02702
-0.02810
-0.02907
-0.03012
-0.03116
-0.03234
-0.03355
-0.03490
-0.03623
-0.03762
-0.03894
-0.04030
-0.04156
-0.04285
-0.04404
-0.04525
-0.04640
-0.04757
-0.04860
-0.04946
-0.04991
-0.04995
-0.04946
-0.04861
-0.04748
-0.04632
-0.04518
-0.04422
-0.04335
-0.04266
-0.04202
-0.04148
-0.04089
-0.04029
-0.03949
-0.03852
-0.03717
-0.03549
-0.03332
-0.03086
-0.02811
-0.02534
-0.02257
-0.02001
-0.01759
-0.01549
-0.01357
-0.01194
-0.01040
-0.00906
-0.00781
-0.00686
-0.00622
-0.00609
-0.00633
-0.00697
-0.00774
-0.00861
-0.00934
-0.01001
-0.01050
-0.01095
-0.01130
-0.01168
-0.01204
-0.01251
-0.01300
-0.01362
-0.01424
-0.01494
-0.01564
-0.01643
-0.01725
-0.01819
-0.01917
-0.02023
-0.02128
-0.02233
-0.02332
-0.02428
-0.02517
-0.02607
-0.02691
-0.02774
-0.02841
-0.02886
-0.02891
-0.02854
-0.02773
-0.02663
-0.02533
-0.02405
-0.02282
-0.02182
-0.02104
-0.02062
-0.02046
-0.02058
-0.02080
-0.02108
-0.02126
-0.02135
-0.02130
-0.02118
-0.02096
-0.02072
-0.02046
-0.02028
-0.02015
-0.02010
-0.02002
-0.01987
-0.01947
-0.01877
-0.01769
-0.01630
-0.01466
-0.01293
-0.01118
-0.00954
-0.00800
-0.00662
-0.00535
-0.00417
-0.00298
-0.00181
-0.00067
0.00037
0.00129
0.00204
0.00270
0.00324
0.00376
0.00423
0.00474
0.00524
0.00579
0.00634
0.00692
0.00741
0.00777
0.00784
0.00756
0.00686
0.00583
0.00455
0.00319
0.00183
0.00059
-0.00053
-0.00151
-0.00240
-0.00321
-0.00400
-0.00481
-0.00566
-0.00657
-0.00752
-0.00851
-0.00949
-0.01047
-0.01141
-0.01228
-0.01294
-0.01325
-0.01302
-0.01220
-0.01077
-0.00891
-0.00678
-0.00465
-0.00264
-0.00086
0.00070
0.00207
0.00332
0.00453
0.00577
0.00708
0.00846
0.00993
0.01145
0.01300
0.01453
0.01594
0.01706
0.01774
0.01782
0.01730
0.01623
0.01480
0.01321
0.01164
0.01024
0.00906
0.00809
0.00728
0.00655
0.00587
0.00524
0.00466
0.00419
0.00383
0.00359
0.00343
0.00335
0.00327
0.00318
0.00303
0.00285
0.00264
0.00244
0.00226
0.00211
0.00196
0.00181
0.00164
0.00142
0.00111
0.00071
0.00022
-0.00033
-0.00089
-0.00142
-0.00191
-0.00237
-0.00279
-0.00318
-0.00353
-0.00387
-0.00421
-0.00456
-0.00491
-0.00527
-0.00562
-0.00593
-0.00619
-0.00638
-0.00644
-0.00635
-0.00613
-0.00582
-0.00547
-0.00512
-0.00481
-0.00453
-0.00430
-0.00410
-0.00392
-0.00374
-0.00355
-0.00334
-0.00311
-0.00287
-0.00262
-0.00237
-0.00208
-0.00166
-0.00106
-0.00017
0.00100
0.00246
0.00408
0.00579
0.00746
0.00901
0.01039
0.01158
0.01251
0.01318
0.01359
0.01380
0.01387
0.01391
0.01397
0.01410
0.01431
0.01460
0.01495
0.01536
0.01582
0.01634
0.01689
0.01749
0.01806
0.01860
0.01904
0.01935
0.01944
0.01931
0.01892
0.01837
0.01770
0.01702
0.01636
0.01580
0.01532
0.01493
0.01457
0.01426
0.01391
0.01356
0.01315
0.01273
0.01225
0.01179
0.01130
0.01084
0.01038
0.00996
0.00954
0.00918
0.00883
0.00855
0.00829
0.00807
0.00786
0.00767
0.00746
0.00725
0.00702
0.00680
0.00657
0.00635
0.00612
0.00592
0.00572
0.00554
0.00536
0.00519
0.00499
0.00476
0.00443
0.00402
0.00350
0.00291
0.00227
0.00165
0.00105
0.00050
0.00001
-0.00038
-0.00068
-0.00085
-0.00090
-0.00084
-0.00072
-0.00057
-0.00045
-0.00035
-0.00029
-0.00027
-0.00029
-0.00031
-0.00033
-0.00033
-0.00031
-0.00027
-0.00021
-0.00015
-0.00011
-0.00011
-0.00016
-0.00025
-0.00039
-0.00056
-0.00073
-0.00089
-0.00103
-0.00115
-0.00124
-0.00132
-0.00138
-0.00144
-0.00151
-0.00157
-0.00163
-0.00168
-0.00170
-0.00167
-0.00159
-0.00148
-0.00134
-0.00119
-0.00104
-0.00090
-0.00077
-0.00065
-0.00054
-0.00043
-0.00033
-0.00022
-0.00012
-0.00003
0.00007
0.00017
0.00027
0.00036
0.00044
0.00051
0.00057
0.00060
0.00060
0.00056
0.00050
0.00042
0.00033
0.00025
0.00018
0.00013
0.00009
0.00006
0.00003
0.00001
-0.00001
-0.00004
-0.00007
-0.00009
-0.00012
-0.00015
-0.00017
-0.00019
-0.00020
-0.00021
-0.00021
-0.00021
-0.00019
-0.00017
-0.00015
-0.00013
-0.00010
-0.00008
-0.00006
-0.00004
-0.00002
0.00001
0.00003
0.00005
0.00008
0.00011
0.00013
0.00016
0.00019
0.00022
0.00023
0.00024
0.00023
0.00022
0.00020
0.00017
0.00016
0.00016
0.00018
0.00023
0.00032
0.00044
0.00057
0.00071
0.00084
0.00096
0.00105
0.00112
0.00118
0.00122
0.00125
0.00128
0.00130
0.00133
0.00135
0.00137
0.00138
0.00140
0.00141
0.00141
0.00141
0.00141
0.00139
0.00138
0.00136
0.00134
0.00131
0.00129
0.00125
0.00122
0.00118
0.00114
0.00110
0.00105
0.00100
0.00095
0.00091
0.00086
0.00083
0.00079
0.00076
0.00073
0.00069
0.00067
0.00064
0.00061
0.00058
0.00056
0.00054
0.00052
0.00050
0.00049
0.00047
0.00046
0.00045
0.00044
0.00043
0.00042
0.00041
0.00040
0.00040
0.00039
0.00037
0.00037
0.00037
0.00035
0.00032
0.00033
0.00035
0.00030
0.00015
